   25.3890
   23.8700
   22.7950
   21.5820
   20.5930
   19.2800
   18.4280
   17.4490
   16.2730
   15.5930
   14.6660
   13.7640
   13.1950
   12.6520
   12.0930
   11.1920
   10.8190
   10.3360
    9.5520
    9.3190
    8.7270
    8.3580
    7.6710
    7.4930
    7.2450
    6.7840
    6.2570
    6.0720
    5.7230
    5.4590
    5.2850
    5.0010
    4.7300
    4.5250
    4.3240
    4.0830
    3.8870
    3.7050
    3.4700
    3.2700
    3.1040
    2.9920
    2.8650
    2.8040
    2.5380
    2.4570
    2.3620
    2.2040
    2.1150
    2.0850
    2.0080
    1.8910
    1.7880
    1.7350
    1.7010
    1.5260
    1.4990
    1.3650
    1.2860
    1.2380
