    0.0010
    0.1460
    0.8540
    2.4210
    5.0220
    7.6930
   10.5970
   13.3230
   15.9290
   17.9420
   19.7010
   20.6670
   21.9550
   22.3420
   22.2340
   22.4090
   21.7790
   21.1580
   20.5270
   19.5440
   18.5300
   17.2740
   16.4640
   15.1770
   14.2330
   12.8910
   12.1000
   11.2310
   10.2330
    9.0900
    8.5200
    7.5240
    6.6590
    6.0700
    5.4600
    4.9410
    4.3410
    4.0110
    3.4620
    2.9710
    2.7870
    2.4860
    2.1600
    1.9240
    1.6780
    1.5320
    1.3390
    1.1050
    1.0100
    0.8420
    0.7750
    0.6490
    0.5450
    0.5350
    0.4810
    0.3850
    0.3040
    0.2860
    0.2180
    0.2160
