    0.8110
    4.9810
    9.5040
   13.1270
   15.6340
   17.3810
   18.5090
   18.9640
   19.1690
   19.2200
   18.9090
   18.7310
   18.1170
   17.3550
   16.8830
   15.9670
   15.1360
   14.4780
   14.1750
   13.2030
   12.6680
   11.9310
   11.3370
   10.4710
    9.9990
    9.4290
    8.9860
    8.4120
    7.7650
    7.4380
    7.0310
    6.4020
    6.1370
    5.6230
    5.3620
    5.0640
    4.6940
    4.3290
    3.9960
    3.8050
    3.4620
    3.2610
    2.9440
    2.8220
    2.6910
    2.4350
    2.3020
    2.1960
    2.0170
    1.7670
    1.6780
    1.4730
    1.4520
    1.3540
    1.2840
    1.1990
    1.0580
    1.0220
    0.9080
    0.8610
