        0.
        0.
        0.
        0.
        0.
        0.
    0.0010
    0.0090
    0.0450
    0.2360
    0.8700
    2.4990
    6.0380
   11.7440
   19.7800
   29.3630
   39.3940
   47.3080
   51.8860
   53.3770
   51.0420
   45.2170
   38.1250
   30.5220
   23.1440
   16.7090
   11.8270
    7.9420
    5.1820
    3.1740
    1.9670
    1.1740
    0.6580
    0.3440
    0.2120
    0.1040
    0.0590
    0.0270
    0.0070
    0.0120
    0.0010
    0.0010
        0.
        0.
        0.
        0.
        0.
        0.
        0.
        0.
        0.
        0.
        0.
        0.
        0.
        0.
        0.
        0.
        0.
        0.
