   46.9010
   41.8380
   37.6100
   33.5500
   29.8200
   26.9290
   24.3610
   21.4100
   19.7110
   17.7090
   15.8320
   14.3200
   12.9400
   11.7060
   10.5000
    9.3230
    8.6290
    7.7470
    6.9930
    6.2060
    5.5750
    5.1860
    4.6510
    4.2380
    3.7580
    3.3420
    3.0780
    2.7850
    2.5650
    2.3480
    2.1380
    1.9540
    1.8450
    1.6240
    1.5760
    1.3980
    1.3460
    1.3170
    1.1440
    1.1460
    1.1180
    1.0380
    1.0260
    0.9200
    0.8830
    0.8380
    0.8350
    0.7870
    0.7570
    0.7330
    0.7170
    0.7150
    0.6440
    0.6780
    0.6120
    0.5600
    0.5690
    0.5310
    0.5010
    0.5600
    0.4890
    0.4500
    0.4350
    0.4950
    0.4270
    0.3940
    0.3900
    0.3800
    0.3800
    0.3350
    0.3570
    0.3320
    0.3250
    0.3520
    0.3330
    0.3400
    0.2950
    0.2900
    0.2980
    0.3050
    0.2890
    0.2820
    0.2470
    0.2570
    0.2320
    0.2450
    0.2460
    0.2450
    0.2440
    0.2170
    0.2310
    0.2320
    0.2120
    0.2170
    0.2060
    0.2080
    0.1940
    0.1890
    0.1800
    0.1730
    0.1690
    0.1770
    0.1640
    0.1870
    0.1560
    0.1600
    0.1690
    0.1450
    0.1560
    0.1630
    0.1630
    0.1330
    0.1400
    0.1270
    0.1300
    0.1190
    0.1260
    0.1380
    0.1190
    0.1340
    0.1130
    0.1180
    0.1130
    0.1310
    0.1160
    0.1250
    0.1250
    0.1120
    0.1110
    0.1090
    0.1040
    0.1070
    0.1070
    0.0960
    0.1000
    0.1000
    0.1000
    0.0990
    0.0960
    0.0850
    0.0830
    0.0800
    0.0940
    0.0930
    0.0940
    0.0970
    0.0830
    0.0740
    0.0650
    0.0780
    0.0850
    0.0670
    0.0790
    0.0730
    0.0720
    0.0690
    0.0720
    0.0700
    0.0790
    0.0730
    0.0590
    0.0690
    0.0770
    0.0630
    0.0600
    0.0730
    0.0650
    0.0680
    0.0660
    0.0540
    0.0520
    0.0540
    0.0600
    0.0640
    0.0620
    0.0650
    0.0560
    0.0650
    0.0610
    0.0540
    0.0540
    0.0620
    0.0480
    0.0580
    0.0560
    0.0650
    0.0520
    0.0410
    0.0440
    0.0570
    0.0580
    0.0470
    0.0490
    0.0460
    0.0570
    0.0500
    0.0420
    0.0570
    0.0470
    0.0360
    0.0490
    0.0460
    0.0330
    0.0340
    0.0470
    0.0290
    0.0330
    0.0460
    0.0420
    0.0400
    0.0500
    0.0430
    0.0280
    0.0460
    0.0380
    0.0480
    0.0360
    0.0290
    0.0360
    0.0350
    0.0410
    0.0420
    0.0390
    0.0260
    0.0280
    0.0290
    0.0390
    0.0470
    0.0350
    0.0230
    0.0450
    0.0210
    0.0360
    0.0280
    0.0320
    0.0210
    0.0400
    0.0280
    0.0270
    0.0300
    0.0250
    0.0390
    0.0260
    0.0280
    0.0290
    0.0280
    0.0300
    0.0340
    0.0260
    0.0280
    0.0220
    0.0180
    0.0300
    0.0270
    0.0270
    0.0240
    0.0280
    0.0190
    0.0280
    0.0250
    0.0210
    0.0200
    0.0240
    0.0320
    0.0360
    0.0260
    0.0280
    0.0260
    0.0250
    0.0230
    0.0280
    0.0350
    0.0180
    0.0210
    0.0240
    0.0280
    0.0180
    0.0180
    0.0240
    0.0320
    0.0170
    0.0260
    0.0310
    0.0200
    0.0230
    0.0190
    0.0250
    0.0120
    0.0230
    0.0180
    0.0210
    0.0280
    0.0190
    0.0340
    0.0240
    0.0200
    0.0210
    0.0170
    0.0180
    0.0180
    0.0130
    0.0170
    0.0240
    0.0120
    0.0150
    0.0200
    0.0170
    0.0280
    0.0170
    0.0210
    0.0240
    0.0150
    0.0150
    0.0230
    0.0230
    0.0140
    0.0160
    0.0160
    0.0190
    0.0180
    0.0170
    0.0180
    0.0170
    0.0150
    0.0220
    0.0090
    0.0130
    0.0180
    0.0160
    0.0110
    0.0110
    0.0150
    0.0200
    0.0180
    0.0150
    0.0150
    0.0140
    0.0160
    0.0140
    0.0180
    0.0190
    0.0140
    0.0150
    0.0100
    0.0170
    0.0150
    0.0150
    0.0110
    0.0140
    0.0140
    0.0110
    0.0140
    0.0120
    0.0170
    0.0160
    0.0110
    0.0090
    0.0100
    0.0070
    0.0070
    0.0150
    0.0170
    0.0140
    0.0110
    0.0150
    0.0150
    0.0210
    0.0060
    0.0080
    0.0130
    0.0130
    0.0150
    0.0110
    0.0170
    0.0130
    0.0070
    0.0130
    0.0150
    0.0070
    0.0100
    0.0200
    0.0110
    0.0170
    0.0040
    0.0100
    0.0160
    0.0160
    0.0110
    0.0090
    0.0170
    0.0170
    0.0090
    0.0140
    0.0110
    0.0100
    0.0110
    0.0080
    0.0080
    0.0110
    0.0110
    0.0120
    0.0070
    0.0080
    0.0060
    0.0120
    0.0090
    0.0080
    0.0100
    0.0070
    0.0050
    0.0070
    0.0100
    0.0080
    0.0070
    0.0090
    0.0040
    0.0100
    0.0120
    0.0070
    0.0080
    0.0120
    0.0050
    0.0150
    0.0040
    0.0100
    0.0110
    0.0070
    0.0090
    0.0120
    0.0110
    0.0120
    0.0140
    0.0100
    0.0060
    0.0070
    0.0080
    0.0080
    0.0050
    0.0090
    0.0060
    0.0100
    0.0120
    0.0070
    0.0060
    0.0080
    0.0090
    0.0110
    0.0100
    0.0060
    0.0090
    0.0120
    0.0080
    0.0120
    0.0100
    0.0070
    0.0040
    0.0050
    0.0120
    0.0040
    0.0110
    0.0070
    0.0080
    0.0070
    0.0120
    0.0090
    0.0090
    0.0120
    0.0070
    0.0050
    0.0110
    0.0090
    0.0050
    0.0090
    0.0060
    0.0030
    0.0070
    0.0070
    0.0120
    0.0040
    0.0090
    0.0060
    0.0040
    0.0080
    0.0070
    0.0030
    0.0080
    0.0060
    0.0060
    0.0060
    0.0020
    0.0060
    0.0080
    0.0050
    0.0050
    0.0090
    0.0080
    0.0080
    0.0100
    0.0070
    0.0080
    0.0120
    0.0070
    0.0030
    0.0060
    0.0070
    0.0040
    0.0090
    0.0040
    0.0080
    0.0050
    0.0080
    0.0090
    0.0160
    0.0070
    0.0020
    0.0110
    0.0040
    0.0110
    0.0100
    0.0070
    0.0070
    0.0030
    0.0030
    0.0040
    0.0050
    0.0060
    0.0040
    0.0100
    0.0060
    0.0070
    0.0110
    0.0040
    0.0080
    0.0100
    0.0060
    0.0060
    0.0070
    0.0010
    0.0030
    0.0080
    0.0080
    0.0070
    0.0040
    0.0060
    0.0050
    0.0030
    0.0070
    0.0080
    0.0020
    0.0080
    0.0070
    0.0020
    0.0050
    0.0060
    0.0080
    0.0070
    0.0010
    0.0080
    0.0070
    0.0020
    0.0050
    0.0030
    0.0040
    0.0040
    0.0100
    0.0020
    0.0040
    0.0020
    0.0040
    0.0070
    0.0070
    0.0060
    0.0080
    0.0080
    0.0020
    0.0080
    0.0030
    0.0070
    0.0040
    0.0050
    0.0050
    0.0010
    0.0060
    0.0040
    0.0050
    0.0070
    0.0060
    0.0060
    0.0030
    0.0020
    0.0040
    0.0040
    0.0080
    0.0030
    0.0090
    0.0040
    0.0060
    0.0030
    0.0030
    0.0050
    0.0010
        0.
    0.0030
    0.0070
    0.0030
    0.0020
    0.0050
    0.0040
    0.0050
    0.0050
    0.0060
    0.0030
    0.0040
    0.0050
    0.0030
    0.0060
    0.0060
    0.0050
    0.0060
    0.0050
    0.0050
    0.0040
    0.0050
    0.0070
    0.0070
    0.0040
    0.0050
    0.0070
    0.0010
    0.0030
    0.0010
        0.
    0.0020
    0.0030
    0.0040
    0.0040
    0.0040
    0.0060
    0.0040
    0.0030
    0.0020
    0.0040
    0.0040
    0.0040
    0.0020
    0.0030
        0.
    0.0010
    0.0040
    0.0060
    0.0020
    0.0010
    0.0080
    0.0010
    0.0020
    0.0040
    0.0040
    0.0010
    0.0040
    0.0040
    0.0030
    0.0050
    0.0030
    0.0030
    0.0030
    0.0040
    0.0050
    0.0030
    0.0040
    0.0020
    0.0080
    0.0060
    0.0020
    0.0020
    0.0060
    0.0030
    0.0020
    0.0010
    0.0010
    0.0060
    0.0010
    0.0030
    0.0020
    0.0080
    0.0020
    0.0020
    0.0030
    0.0050
    0.0070
    0.0050
    0.0020
    0.0030
    0.0020
    0.0030
    0.0030
    0.0010
    0.0040
    0.0030
    0.0040
    0.0040
    0.0040
    0.0050
    0.0030
    0.0030
    0.0030
    0.0010
    0.0050
    0.0060
    0.0010
    0.0010
    0.0020
    0.0040
    0.0020
    0.0040
        0.
    0.0020
    0.0020
    0.0030
    0.0040
    0.0020
    0.0020
    0.0030
    0.0010
    0.0030
    0.0040
    0.0010
        0.
    0.0030
    0.0020
    0.0040
        0.
        0.
    0.0030
    0.0050
    0.0030
    0.0070
    0.0030
    0.0010
        0.
    0.0030
    0.0020
    0.0030
    0.0030
    0.0030
    0.0020
    0.0040
    0.0050
    0.0040
    0.0020
    0.0060
    0.0030
        0.
    0.0050
    0.0030
    0.0040
    0.0030
    0.0030
    0.0030
    0.0030
    0.0020
    0.0030
    0.0020
    0.0060
    0.0020
    0.0010
    0.0060
    0.0040
        0.
    0.0040
    0.0010
    0.0030
    0.0010
    0.0010
    0.0010
        0.
    0.0020
    0.0040
    0.0010
    0.0020
    0.0020
    0.0030
        0.
        0.
    0.0020
    0.0030
    0.0050
    0.0030
    0.0030
    0.0020
    0.0020
    0.0010
    0.0010
    0.0010
    0.0020
    0.0010
    0.0010
    0.0020
    0.0020
    0.0040
    0.0020
    0.0010
    0.0070
    0.0020
        0.
        0.
    0.0040
        0.
    0.0030
    0.0040
    0.0080
    0.0010
    0.0010
    0.0020
        0.
        0.
    0.0030
    0.0020
    0.0050
    0.0010
    0.0090
    0.0020
    0.0040
    0.0020
    0.0010
    0.0010
        0.
    0.0020
    0.0040
    0.0030
    0.0020
    0.0010
        0.
    0.0050
    0.0020
    0.0010
    0.0010
    0.0030
    0.0040
    0.0060
    0.0010
    0.0010
    0.0040
    0.0030
    0.0030
    0.0020
        0.
    0.0030
    0.0020
    0.0040
    0.0010
    0.0020
    0.0010
    0.0030
    0.0020
    0.0010
    0.0030
    0.0050
    0.0020
    0.0020
    0.0040
    0.0020
    0.0010
    0.0030
    0.0020
    0.0020
    0.0020
    0.0010
    0.0040
    0.0030
    0.0010
    0.0010
    0.0010
    0.0010
    0.0020
    0.0010
        0.
    0.0050
    0.0020
        0.
    0.0030
    0.0010
    0.0040
    0.0020
    0.0040
    0.0010
        0.
        0.
    0.0020
    0.0030
    0.0030
    0.0010
        0.
    0.0010
    0.0040
    0.0010
    0.0030
    0.0060
    0.0030
    0.0020
        0.
        0.
    0.0010
    0.0010
    0.0010
        0.
    0.0030
    0.0010
    0.0010
    0.0030
        0.
        0.
    0.0030
    0.0020
    0.0030
    0.0010
        0.
    0.0020
    0.0020
    0.0020
    0.0010
    0.0010
    0.0030
    0.0020
    0.0020
    0.0030
    0.0010
    0.0010
    0.0030
    0.0010
        0.
    0.0020
    0.0040
    0.0010
    0.0020
        0.
        0.
    0.0020
    0.0010
        0.
    0.0020
    0.0010
    0.0030
    0.0020
    0.0050
    0.0020
    0.0020
        0.
    0.0010
    0.0010
        0.
    0.0010
        0.
        0.
    0.0030
    0.0030
        0.
    0.0020
        0.
    0.0010
    0.0030
    0.0010
    0.0020
        0.
        0.
    0.0020
    0.0040
    0.0010
    0.0010
        0.
        0.
    0.0010
    0.0010
    0.0010
        0.
    0.0040
    0.0010
        0.
        0.
        0.
        0.
        0.
    0.0020
        0.
        0.
    0.0020
    0.0010
        0.
    0.0020
    0.0020
        0.
    0.0030
    0.0010
    0.0010
    0.0020
    0.0020
    0.0010
    0.0010
        0.
    0.0020
        0.
    0.0020
    0.0020
        0.
        0.
    0.0010
    0.0020
        0.
    0.0010
        0.
        0.
    0.0010
        0.
    0.0010
        0.
    0.0010
        0.
        0.
    0.0010
        0.
        0.
        0.
        0.
    0.0010
    0.0010
    0.0020
    0.0030
    0.0020
    0.0010
    0.0030
    0.0010
    0.0030
    0.0010
    0.0010
        0.
    0.0010
    0.0010
        0.
    0.0010
    0.0030
        0.
    0.0020
        0.
        0.
    0.0010
        0.
        0.
        0.
    0.0010
    0.0010
        0.
    0.0010
    0.0010
    0.0010
        0.
        0.
        0.
        0.
    0.0020
    0.0010
        0.
    0.0010
        0.
        0.
    0.0010
    0.0010
        0.
    0.0010
        0.
        0.
    0.0020
    0.0010
    0.0010
        0.
    0.0010
        0.
        0.
    0.0020
    0.0010
        0.
        0.
    0.0020
    0.0040
    0.0020
    0.0010
    0.0010
    0.0010
    0.0020
    0.0030
    0.0010
        0.
        0.
    0.0020
        0.
    0.0010
        0.
    0.0010
        0.
    0.0030
        0.
        0.
    0.0010
    0.0010
    0.0010
    0.0010
    0.0020
        0.
    0.0020
    0.0010
    0.0010
        0.
    0.0010
    0.0020
    0.0020
        0.
        0.
    0.0020
    0.0010
    0.0030
        0.
    0.0010
        0.
    0.0020
        0.
        0.
    0.0010
        0.
    0.0020
        0.
    0.0010
        0.
        0.
        0.
    0.0010
    0.0010
    0.0010
    0.0010
    0.0010
    0.0010
        0.
        0.
        0.
    0.0010
        0.
    0.0010
        0.
    0.0020
        0.
        0.
        0.
    0.0010
    0.0010
        0.
    0.0020
        0.
    0.0010
        0.
        0.
        0.
        0.
    0.0010
        0.
    0.0010
        0.
        0.
        0.
    0.0030
        0.
    0.0010
    0.0020
        0.
    0.0010
    0.0010
        0.
    0.0010
        0.
        0.
    0.0010
        0.
        0.
        0.
        0.
    0.0010
    0.0010
        0.
        0.
        0.
        0.
        0.
        0.
    0.0010
        0.
    0.0010
        0.
        0.
        0.
    0.0020
        0.
        0.
        0.
        0.
    0.0010
        0.
    0.0010
        0.
    0.0010
    0.0010
    0.0020
    0.0010
    0.0010
        0.
        0.
        0.
        0.
    0.0010
        0.
        0.
        0.
        0.
    0.0010
        0.
        0.
        0.
        0.
        0.
        0.
        0.
        0.
        0.
        0.
    0.0010
    0.0010
        0.
    0.0010
        0.
    0.0020
    0.0010
    0.0010
    0.0010
        0.
    0.0010
    0.0010
    0.0010
        0.
        0.
    0.0010
        0.
    0.0010
    0.0010
        0.
        0.
    0.0010
        0.
        0.
        0.
        0.
        0.
        0.
        0.
        0.
        0.
        0.
        0.
    0.0020
    0.0010
        0.
    0.0020
        0.
        0.
        0.
        0.
        0.
        0.
    0.0010
        0.
        0.
    0.0010
    0.0010
        0.
        0.
        0.
    0.0010
    0.0010
        0.
        0.
        0.
    0.0010
    0.0010
        0.
        0.
        0.
    0.0010
        0.
    0.0020
    0.0010
        0.
    0.0020
        0.
        0.
        0.
        0.
        0.
        0.
        0.
        0.
    0.0010
    0.0010
        0.
        0.
        0.
    0.0010
        0.
        0.
        0.
    0.0010
        0.
    0.0020
        0.
        0.
        0.
        0.
        0.
    0.0010
        0.
        0.
        0.
        0.
        0.
        0.
        0.
        0.
    0.0020
        0.
        0.
        0.
        0.
        0.
    0.0010
    0.0030
    0.0010
    0.0010
        0.
        0.
        0.
        0.
    0.0010
        0.
        0.
        0.
        0.
        0.
        0.
        0.
    0.0010
    0.0010
    0.0010
        0.
        0.
    0.0010
        0.
        0.
        0.
        0.
        0.
        0.
        0.
        0.
    0.0010
        0.
    0.0010
        0.
        0.
        0.
        0.
        0.
        0.
    0.0010
        0.
        0.
        0.
    0.0010
        0.
        0.
        0.
        0.
        0.
        0.
        0.
        0.
        0.
        0.
        0.
        0.
        0.
        0.
        0.
    0.0010
    0.0010
        0.
        0.
    0.0010
        0.
        0.
        0.
        0.
    0.0010
        0.
        0.
        0.
    0.0010
        0.
        0.
        0.
        0.
    0.0010
        0.
        0.
        0.
        0.
        0.
        0.
        0.
        0.
        0.
    0.0010
        0.
        0.
        0.
        0.
        0.
        0.
    0.0010
        0.
    0.0010
        0.
    0.0010
        0.
        0.
    0.0010
        0.
        0.
        0.
        0.
        0.
        0.
        0.
        0.
    0.0010
        0.
        0.
        0.
        0.
        0.
    0.0010
        0.
        0.
        0.
        0.
        0.
    0.0010
        0.
        0.
    0.0010
        0.
        0.
        0.
        0.
        0.
        0.
        0.
        0.
        0.
        0.
        0.
    0.0010
    0.0010
        0.
        0.
        0.
        0.
        0.
        0.
        0.
        0.
        0.
    0.0010
        0.
        0.
        0.
    0.0010
        0.
        0.
        0.
    0.0010
        0.
        0.
        0.
        0.
        0.
        0.
        0.
        0.
        0.
        0.
        0.
        0.
    0.0020
        0.
        0.
        0.
        0.
        0.
    0.0010
        0.
        0.
        0.
    0.0010
        0.
    0.0010
        0.
        0.
    0.0010
        0.
        0.
        0.
        0.
        0.
        0.
        0.
        0.
    0.0010
        0.
        0.
        0.
        0.
        0.
    0.0010
        0.
    0.0010
        0.
    0.0010
        0.
        0.
        0.
        0.
    0.0010
    0.0020
    0.0010
    0.0010
        0.
        0.
        0.
        0.
        0.
        0.
        0.
        0.
    0.0010
        0.
        0.
        0.
        0.
        0.
        0.
        0.
        0.
        0.
        0.
        0.
        0.
        0.
        0.
        0.
        0.
        0.
    0.0010
        0.
        0.
        0.
        0.
        0.
        0.
    0.0010
        0.
        0.
    0.0010
        0.
        0.
        0.
    0.0010
        0.
    0.0010
        0.
        0.
        0.
        0.
        0.
        0.
        0.
        0.
        0.
        0.
        0.
        0.
        0.
        0.
        0.
        0.
        0.
        0.
        0.
        0.
    0.0010
        0.
        0.
        0.
        0.
        0.
    0.0010
        0.
        0.
        0.
        0.
        0.
        0.
        0.
        0.
        0.
        0.
        0.
    0.0020
        0.
        0.
        0.
        0.
        0.
        0.
        0.
        0.
        0.
        0.
        0.
        0.
        0.
        0.
        0.
        0.
        0.
        0.
        0.
        0.
        0.
        0.
        0.
        0.
        0.
    0.0010
        0.
        0.
        0.
        0.
        0.
        0.
        0.
        0.
    0.0010
        0.
        0.
        0.
        0.
        0.
        0.
        0.
        0.
        0.
        0.
        0.
        0.
        0.
        0.
        0.
    0.0010
        0.
        0.
        0.
        0.
        0.
    0.0010
    0.0010
        0.
        0.
        0.
        0.
        0.
        0.
        0.
        0.
        0.
        0.
        0.
    0.0010
        0.
        0.
        0.
        0.
        0.
        0.
        0.
        0.
        0.
        0.
    0.0010
        0.
        0.
    0.0010
    0.0010
        0.
        0.
        0.
        0.
        0.
        0.
        0.
        0.
        0.
        0.
        0.
        0.
        0.
        0.
        0.
    0.0010
        0.
        0.
        0.
        0.
        0.
        0.
        0.
        0.
        0.
        0.
        0.
        0.
        0.
        0.
        0.
        0.
        0.
        0.
        0.
        0.
        0.
        0.
        0.
        0.
        0.
        0.
    0.0010
        0.
        0.
        0.
        0.
        0.
        0.
        0.
    0.0010
        0.
        0.
        0.
        0.
        0.
        0.
        0.
        0.
        0.
        0.
        0.
        0.
        0.
        0.
        0.
        0.
        0.
        0.
        0.
        0.
        0.
        0.
        0.
        0.
        0.
        0.
        0.
        0.
        0.
        0.
        0.
        0.
        0.
        0.
        0.
        0.
        0.
        0.
        0.
        0.
        0.
        0.
        0.
        0.
        0.
        0.
        0.
        0.
        0.
        0.
        0.
        0.
        0.
        0.
        0.
        0.
        0.
        0.
        0.
        0.
        0.
        0.
        0.
        0.
        0.
        0.
        0.
        0.
        0.
        0.
        0.
        0.
        0.
        0.
        0.
        0.
        0.
        0.
        0.
        0.
        0.
        0.
        0.
        0.
        0.
        0.
        0.
        0.
        0.
        0.
        0.
        0.
        0.
        0.
        0.
        0.
        0.
        0.
        0.
        0.
        0.
        0.
        0.
        0.
        0.
        0.
        0.
        0.
        0.
        0.
        0.
        0.
        0.
        0.
        0.
        0.
        0.
        0.
        0.
        0.
        0.
        0.
        0.
        0.
        0.
        0.
        0.
        0.
        0.
        0.
        0.
        0.
        0.
        0.
        0.
        0.
        0.
        0.
        0.
        0.
        0.
        0.
        0.
        0.
        0.
        0.
        0.
        0.
        0.
        0.
        0.
        0.
        0.
        0.
        0.
        0.
        0.
        0.
        0.
        0.
        0.
        0.
        0.
        0.
        0.
        0.
        0.
        0.
        0.
        0.
        0.
        0.
        0.
        0.
        0.
        0.
        0.
        0.
        0.
        0.
        0.
        0.
        0.
        0.
        0.
        0.
        0.
        0.
        0.
        0.
        0.
        0.
        0.
        0.
        0.
        0.
        0.
        0.
    0.0010
        0.
        0.
        0.
        0.
        0.
        0.
        0.
        0.
        0.
        0.
        0.
        0.
        0.
        0.
        0.
        0.
        0.
        0.
        0.
        0.
        0.
        0.
        0.
        0.
        0.
        0.
        0.
        0.
        0.
        0.
        0.
        0.
        0.
        0.
        0.
