    3.7560
   13.5550
   19.8490
   23.2400
   24.5940
   24.8420
   24.3170
   23.6210
   22.6020
   21.3180
   20.1810
   18.9190
   17.6260
   16.4330
   15.5210
   14.2710
   13.3500
   12.3260
   11.4610
   10.5070
    9.6660
    8.8610
    8.1130
    7.3720
    6.8610
    6.3050
    5.7540
    5.3410
    4.6850
    4.2790
    3.9860
    3.6490
    3.3820
    3.1230
    2.8570
    2.7110
    2.5550
    2.3640
    2.1440
    2.0690
    1.9920
    1.7890
    1.7190
    1.6250
    1.5430
    1.4390
    1.3560
    1.3770
    1.2580
    1.2580
    1.0680
    1.0410
    1.0620
    1.0070
    0.9770
    0.9200
    0.8750
    0.8270
    0.7970
    0.8180
    0.7480
    0.7250
    0.6880
    0.6530
    0.6490
    0.5960
    0.5900
    0.5520
    0.5400
    0.5750
    0.4850
    0.4840
    0.4640
    0.4850
    0.4580
    0.4560
    0.4460
    0.4200
    0.3750
    0.3740
    0.3320
    0.3710
    0.3160
    0.3630
    0.3300
    0.3140
    0.3120
    0.2920
    0.3090
    0.2850
    0.2890
    0.2580
    0.2750
    0.2550
    0.2410
    0.2730
    0.2370
    0.2240
    0.2050
    0.2100
    0.2190
    0.1950
    0.2080
    0.1870
    0.1860
    0.1830
    0.1720
    0.1980
    0.1880
    0.1590
    0.1630
    0.1460
    0.1710
    0.1480
    0.1290
    0.1650
    0.1510
    0.1280
    0.1490
    0.1300
    0.1360
    0.1400
    0.1410
    0.1290
    0.1310
    0.1280
    0.1180
    0.1030
    0.1190
    0.1110
    0.1120
    0.0830
    0.0930
    0.1010
    0.0990
    0.1060
    0.0920
    0.0920
    0.0930
    0.0950
    0.0810
    0.0830
    0.0680
    0.0880
    0.0900
    0.0730
    0.0700
    0.0780
    0.0670
    0.0770
    0.0590
    0.0640
    0.0660
    0.0670
    0.0560
    0.0760
    0.0640
    0.0620
    0.0570
    0.0550
    0.0480
    0.0500
    0.0530
    0.0640
    0.0420
    0.0470
    0.0420
    0.0530
    0.0450
    0.0570
    0.0520
    0.0510
    0.0450
    0.0480
    0.0510
    0.0360
    0.0480
    0.0510
    0.0400
    0.0440
    0.0320
    0.0410
    0.0430
    0.0340
    0.0280
    0.0350
    0.0380
    0.0320
    0.0400
    0.0350
    0.0370
    0.0470
    0.0370
    0.0320
    0.0320
    0.0330
    0.0290
    0.0350
    0.0340
    0.0270
    0.0220
    0.0320
    0.0270
    0.0280
    0.0250
    0.0160
    0.0260
    0.0180
    0.0210
    0.0270
    0.0240
    0.0310
    0.0310
    0.0220
    0.0210
    0.0270
    0.0220
    0.0190
    0.0270
    0.0120
    0.0220
    0.0190
    0.0200
    0.0210
    0.0200
    0.0220
    0.0160
    0.0190
    0.0180
    0.0100
    0.0200
    0.0150
    0.0120
    0.0150
    0.0070
    0.0140
    0.0180
    0.0230
    0.0140
    0.0160
    0.0070
    0.0100
    0.0180
    0.0140
    0.0160
    0.0120
    0.0130
    0.0120
    0.0120
    0.0150
    0.0140
    0.0130
    0.0100
    0.0120
    0.0080
    0.0130
    0.0140
    0.0100
    0.0180
    0.0110
    0.0230
    0.0070
    0.0080
    0.0090
    0.0100
    0.0130
    0.0060
    0.0080
    0.0140
    0.0110
    0.0110
    0.0060
    0.0090
    0.0070
    0.0120
    0.0080
    0.0100
    0.0090
    0.0080
    0.0110
    0.0060
    0.0110
    0.0070
    0.0090
    0.0070
    0.0080
    0.0070
    0.0040
    0.0070
    0.0110
    0.0050
    0.0100
    0.0070
    0.0060
    0.0040
    0.0050
    0.0050
    0.0070
    0.0070
    0.0050
    0.0070
    0.0100
    0.0020
    0.0060
    0.0040
    0.0050
    0.0030
    0.0050
    0.0060
    0.0060
    0.0020
    0.0050
    0.0050
    0.0060
    0.0020
    0.0040
    0.0060
    0.0050
    0.0020
    0.0060
    0.0020
    0.0030
    0.0020
    0.0020
    0.0040
    0.0030
    0.0050
    0.0050
    0.0040
    0.0040
    0.0030
    0.0010
    0.0050
    0.0020
    0.0030
    0.0030
        0.
    0.0050
    0.0010
    0.0040
    0.0010
    0.0020
    0.0060
    0.0050
    0.0020
    0.0020
    0.0010
    0.0010
    0.0050
    0.0060
        0.
        0.
    0.0030
        0.
    0.0040
    0.0050
    0.0030
    0.0010
    0.0030
    0.0010
        0.
    0.0020
    0.0010
    0.0040
    0.0050
    0.0020
    0.0020
    0.0040
    0.0050
        0.
    0.0020
    0.0010
    0.0010
    0.0030
    0.0010
    0.0030
    0.0020
        0.
    0.0020
    0.0010
    0.0020
    0.0010
        0.
    0.0030
    0.0010
    0.0010
    0.0020
    0.0030
    0.0020
    0.0010
    0.0020
    0.0020
    0.0010
    0.0040
    0.0010
        0.
    0.0020
    0.0020
        0.
    0.0010
        0.
        0.
    0.0010
    0.0030
    0.0030
    0.0020
    0.0030
    0.0010
    0.0020
    0.0010
    0.0020
        0.
    0.0020
    0.0010
    0.0010
        0.
    0.0010
    0.0010
        0.
    0.0010
    0.0010
        0.
    0.0010
        0.
    0.0010
        0.
    0.0020
    0.0020
        0.
    0.0010
        0.
        0.
    0.0010
        0.
    0.0010
        0.
        0.
        0.
    0.0020
        0.
    0.0010
    0.0020
    0.0010
    0.0020
    0.0010
        0.
        0.
        0.
    0.0010
    0.0010
    0.0010
    0.0010
    0.0010
    0.0010
        0.
        0.
        0.
        0.
    0.0010
    0.0010
        0.
        0.
    0.0010
        0.
        0.
    0.0010
        0.
    0.0010
        0.
        0.
        0.
        0.
        0.
        0.
        0.
        0.
        0.
        0.
        0.
        0.
        0.
        0.
    0.0010
        0.
        0.
        0.
    0.0010
        0.
        0.
        0.
    0.0020
    0.0020
        0.
        0.
    0.0010
        0.
        0.
    0.0020
        0.
        0.
        0.
        0.
        0.
    0.0010
        0.
    0.0010
        0.
        0.
        0.
    0.0010
        0.
        0.
        0.
        0.
        0.
        0.
        0.
        0.
        0.
        0.
        0.
        0.
        0.
        0.
        0.
        0.
        0.
        0.
        0.
        0.
        0.
        0.
        0.
    0.0010
        0.
        0.
        0.
        0.
        0.
        0.
        0.
        0.
        0.
        0.
        0.
        0.
        0.
        0.
        0.
        0.
        0.
        0.
        0.
        0.
        0.
        0.
    0.0010
        0.
        0.
        0.
        0.
        0.
        0.
        0.
        0.
        0.
        0.
        0.
        0.
        0.
        0.
        0.
        0.
        0.
        0.
        0.
        0.
        0.
        0.
        0.
        0.
        0.
        0.
        0.
        0.
        0.
        0.
        0.
        0.
        0.
        0.
        0.
        0.
        0.
        0.
        0.
        0.
        0.
        0.
        0.
    0.0010
        0.
        0.
        0.
        0.
        0.
        0.
        0.
        0.
        0.
        0.
        0.
        0.
        0.
        0.
        0.
        0.
        0.
        0.
        0.
        0.
        0.
        0.
    0.0010
        0.
        0.
        0.
        0.
        0.
        0.
        0.
        0.
        0.
    0.0010
        0.
        0.
    0.0010
    0.0010
        0.
        0.
        0.
        0.
        0.
        0.
        0.
        0.
        0.
        0.
        0.
        0.
        0.
        0.
        0.
        0.
        0.
        0.
        0.
    0.0010
        0.
        0.
        0.
        0.
        0.
        0.
        0.
        0.
        0.
        0.
        0.
        0.
        0.
        0.
        0.
        0.
        0.
    0.0010
        0.
        0.
        0.
        0.
        0.
        0.
        0.
        0.
        0.
        0.
        0.
        0.
        0.
        0.
        0.
        0.
        0.
        0.
        0.
        0.
        0.
        0.
        0.
        0.
        0.
        0.
        0.
        0.
        0.
        0.
        0.
        0.
        0.
        0.
        0.
        0.
        0.
        0.
        0.
        0.
        0.
        0.
        0.
        0.
        0.
        0.
        0.
        0.
        0.
        0.
        0.
        0.
        0.
        0.
        0.
        0.
        0.
        0.
        0.
        0.
        0.
        0.
        0.
        0.
        0.
        0.
        0.
        0.
        0.
        0.
        0.
        0.
        0.
        0.
        0.
        0.
        0.
        0.
        0.
        0.
        0.
        0.
        0.
        0.
        0.
        0.
        0.
        0.
        0.
        0.
        0.
        0.
        0.
        0.
        0.
        0.
        0.
        0.
        0.
        0.
        0.
        0.
        0.
        0.
        0.
        0.
        0.
        0.
        0.
        0.
        0.
        0.
        0.
        0.
        0.
        0.
        0.
        0.
        0.
        0.
        0.
        0.
        0.
        0.
        0.
        0.
        0.
        0.
        0.
        0.
        0.
        0.
        0.
        0.
        0.
        0.
        0.
        0.
        0.
        0.
        0.
        0.
        0.
        0.
        0.
        0.
        0.
        0.
        0.
        0.
        0.
        0.
        0.
        0.
        0.
        0.
        0.
        0.
        0.
        0.
        0.
        0.
        0.
        0.
        0.
        0.
        0.
        0.
        0.
        0.
        0.
        0.
        0.
        0.
        0.
        0.
        0.
        0.
        0.
        0.
        0.
        0.
        0.
        0.
        0.
        0.
        0.
        0.
        0.
        0.
        0.
        0.
        0.
        0.
        0.
        0.
        0.
        0.
        0.
        0.
        0.
        0.
        0.
        0.
        0.
        0.
        0.
        0.
        0.
        0.
        0.
        0.
        0.
        0.
        0.
        0.
        0.
        0.
        0.
        0.
        0.
        0.
        0.
        0.
        0.
        0.
        0.
        0.
        0.
        0.
        0.
        0.
        0.
        0.
        0.
        0.
        0.
        0.
        0.
        0.
        0.
        0.
        0.
        0.
        0.
        0.
        0.
        0.
        0.
        0.
        0.
        0.
        0.
        0.
        0.
        0.
        0.
        0.
        0.
        0.
        0.
        0.
        0.
        0.
        0.
        0.
        0.
        0.
        0.
        0.
        0.
        0.
        0.
        0.
        0.
        0.
        0.
        0.
        0.
        0.
        0.
        0.
        0.
        0.
        0.
        0.
        0.
        0.
        0.
        0.
        0.
        0.
        0.
        0.
        0.
        0.
        0.
        0.
        0.
        0.
        0.
        0.
        0.
        0.
        0.
        0.
        0.
        0.
        0.
        0.
        0.
        0.
        0.
        0.
        0.
        0.
        0.
        0.
        0.
        0.
        0.
        0.
        0.
        0.
        0.
        0.
        0.
        0.
        0.
        0.
        0.
        0.
        0.
        0.
        0.
        0.
        0.
        0.
        0.
        0.
        0.
        0.
        0.
        0.
        0.
        0.
        0.
        0.
        0.
        0.
        0.
        0.
        0.
        0.
        0.
        0.
        0.
        0.
        0.
        0.
        0.
        0.
        0.
        0.
        0.
        0.
        0.
        0.
        0.
        0.
        0.
        0.
        0.
        0.
        0.
        0.
        0.
        0.
        0.
        0.
        0.
        0.
        0.
        0.
        0.
        0.
        0.
        0.
        0.
        0.
        0.
        0.
        0.
        0.
        0.
        0.
        0.
        0.
        0.
        0.
        0.
        0.
        0.
        0.
        0.
        0.
        0.
        0.
        0.
        0.
        0.
        0.
        0.
        0.
        0.
        0.
        0.
        0.
        0.
        0.
        0.
        0.
        0.
        0.
        0.
        0.
        0.
        0.
        0.
        0.
        0.
        0.
        0.
        0.
        0.
        0.
        0.
        0.
        0.
        0.
        0.
        0.
        0.
        0.
        0.
        0.
        0.
        0.
        0.
        0.
        0.
        0.
        0.
        0.
        0.
        0.
        0.
        0.
        0.
        0.
        0.
        0.
        0.
        0.
        0.
        0.
        0.
        0.
        0.
        0.
        0.
        0.
        0.
        0.
        0.
        0.
        0.
        0.
        0.
        0.
        0.
        0.
        0.
        0.
        0.
        0.
        0.
        0.
        0.
        0.
        0.
        0.
        0.
        0.
        0.
        0.
        0.
        0.
        0.
        0.
        0.
        0.
        0.
        0.
        0.
        0.
        0.
        0.
        0.
        0.
        0.
        0.
        0.
        0.
        0.
        0.
        0.
        0.
        0.
        0.
        0.
        0.
        0.
        0.
        0.
        0.
        0.
        0.
        0.
        0.
        0.
        0.
        0.
        0.
        0.
        0.
        0.
        0.
        0.
        0.
        0.
        0.
        0.
        0.
        0.
        0.
        0.
        0.
        0.
        0.
        0.
        0.
        0.
        0.
        0.
        0.
        0.
        0.
        0.
        0.
        0.
        0.
        0.
        0.
        0.
        0.
        0.
        0.
        0.
        0.
        0.
        0.
        0.
        0.
        0.
        0.
        0.
        0.
        0.
        0.
        0.
        0.
        0.
        0.
        0.
        0.
        0.
        0.
        0.
        0.
        0.
        0.
        0.
        0.
        0.
        0.
        0.
        0.
        0.
        0.
        0.
        0.
        0.
        0.
        0.
        0.
        0.
        0.
        0.
        0.
        0.
        0.
        0.
        0.
        0.
        0.
        0.
        0.
        0.
        0.
        0.
        0.
        0.
        0.
        0.
        0.
        0.
        0.
        0.
        0.
        0.
        0.
        0.
        0.
        0.
        0.
        0.
        0.
        0.
        0.
        0.
        0.
        0.
        0.
        0.
        0.
        0.
        0.
        0.
        0.
        0.
        0.
        0.
        0.
        0.
        0.
        0.
        0.
        0.
        0.
        0.
        0.
        0.
        0.
        0.
        0.
        0.
        0.
        0.
        0.
        0.
        0.
        0.
        0.
        0.
        0.
        0.
        0.
        0.
        0.
        0.
        0.
        0.
        0.
        0.
        0.
        0.
        0.
        0.
        0.
        0.
        0.
        0.
        0.
        0.
        0.
        0.
        0.
        0.
        0.
        0.
        0.
        0.
        0.
        0.
        0.
        0.
        0.
        0.
        0.
        0.
        0.
        0.
        0.
        0.
        0.
        0.
        0.
        0.
        0.
        0.
        0.
        0.
        0.
        0.
        0.
        0.
        0.
        0.
        0.
        0.
        0.
        0.
        0.
        0.
        0.
        0.
        0.
        0.
        0.
        0.
        0.
        0.
        0.
        0.
        0.
        0.
        0.
        0.
        0.
        0.
        0.
        0.
        0.
        0.
        0.
        0.
        0.
        0.
        0.
        0.
        0.
        0.
        0.
        0.
        0.
        0.
        0.
        0.
        0.
        0.
        0.
        0.
        0.
        0.
        0.
        0.
        0.
        0.
        0.
        0.
        0.
        0.
        0.
        0.
        0.
        0.
        0.
        0.
        0.
        0.
        0.
        0.
        0.
        0.
        0.
        0.
        0.
        0.
        0.
        0.
        0.
        0.
        0.
        0.
        0.
        0.
        0.
        0.
        0.
        0.
        0.
        0.
        0.
        0.
        0.
        0.
        0.
        0.
        0.
        0.
        0.
        0.
        0.
        0.
        0.
        0.
        0.
        0.
        0.
        0.
        0.
        0.
        0.
        0.
        0.
        0.
        0.
        0.
        0.
        0.
        0.
        0.
        0.
        0.
        0.
        0.
        0.
        0.
        0.
        0.
        0.
        0.
        0.
        0.
        0.
        0.
        0.
        0.
        0.
        0.
        0.
        0.
        0.
        0.
        0.
        0.
        0.
        0.
        0.
        0.
        0.
        0.
        0.
        0.
        0.
        0.
        0.
        0.
        0.
        0.
        0.
        0.
        0.
        0.
        0.
        0.
        0.
        0.
        0.
        0.
        0.
        0.
        0.
        0.
        0.
        0.
        0.
        0.
        0.
        0.
        0.
        0.
        0.
        0.
        0.
        0.
        0.
        0.
        0.
        0.
        0.
        0.
        0.
        0.
        0.
        0.
        0.
        0.
        0.
        0.
        0.
        0.
        0.
        0.
        0.
        0.
        0.
        0.
        0.
        0.
        0.
        0.
        0.
        0.
        0.
        0.
        0.
        0.
        0.
        0.
        0.
        0.
        0.
        0.
        0.
        0.
        0.
        0.
        0.
        0.
        0.
        0.
        0.
        0.
        0.
        0.
        0.
        0.
        0.
        0.
        0.
        0.
        0.
        0.
        0.
        0.
        0.
        0.
        0.
        0.
        0.
        0.
        0.
        0.
        0.
        0.
        0.
        0.
        0.
        0.
        0.
        0.
        0.
        0.
        0.
        0.
        0.
        0.
        0.
        0.
        0.
        0.
        0.
        0.
        0.
        0.
        0.
        0.
        0.
        0.
        0.
        0.
        0.
        0.
        0.
        0.
        0.
        0.
        0.
        0.
        0.
        0.
        0.
        0.
        0.
        0.
        0.
        0.
        0.
        0.
        0.
        0.
        0.
        0.
        0.
        0.
        0.
        0.
        0.
        0.
        0.
        0.
        0.
        0.
        0.
        0.
        0.
        0.
        0.
        0.
        0.
        0.
        0.
        0.
        0.
        0.
        0.
        0.
        0.
        0.
        0.
        0.
        0.
        0.
        0.
        0.
        0.
        0.
        0.
        0.
        0.
        0.
        0.
        0.
        0.
        0.
        0.
        0.
        0.
        0.
        0.
        0.
        0.
        0.
        0.
        0.
        0.
        0.
        0.
        0.
        0.
        0.
        0.
        0.
        0.
        0.
        0.
        0.
        0.
        0.
        0.
        0.
        0.
        0.
        0.
        0.
        0.
        0.
        0.
        0.
        0.
        0.
        0.
        0.
        0.
        0.
        0.
        0.
        0.
        0.
        0.
        0.
        0.
        0.
        0.
        0.
        0.
        0.
        0.
        0.
        0.
        0.
        0.
        0.
        0.
        0.
        0.
        0.
        0.
        0.
        0.
        0.
        0.
        0.
        0.
        0.
        0.
        0.
        0.
        0.
        0.
        0.
        0.
        0.
        0.
        0.
        0.
        0.
        0.
        0.
        0.
        0.
        0.
        0.
        0.
        0.
        0.
        0.
        0.
        0.
        0.
        0.
        0.
        0.
        0.
        0.
        0.
        0.
        0.
        0.
        0.
        0.
        0.
        0.
        0.
        0.
        0.
        0.
        0.
        0.
        0.
        0.
        0.
        0.
        0.
        0.
        0.
        0.
        0.
        0.
        0.
        0.
        0.
        0.
        0.
        0.
        0.
        0.
        0.
        0.
        0.
        0.
        0.
        0.
        0.
        0.
        0.
        0.
        0.
        0.
        0.
        0.
        0.
        0.
        0.
        0.
        0.
        0.
        0.
        0.
        0.
        0.
        0.
        0.
        0.
        0.
        0.
        0.
        0.
        0.
        0.
        0.
        0.
        0.
        0.
        0.
        0.
        0.
        0.
        0.
        0.
        0.
        0.
        0.
        0.
        0.
        0.
        0.
        0.
        0.
        0.
        0.
        0.
        0.
        0.
        0.
        0.
        0.
        0.
        0.
        0.
        0.
        0.
        0.
        0.
        0.
        0.
        0.
        0.
        0.
        0.
        0.
        0.
        0.
        0.
        0.
        0.
        0.
        0.
        0.
        0.
        0.
        0.
        0.
        0.
        0.
        0.
        0.
        0.
        0.
        0.
        0.
        0.
        0.
        0.
        0.
        0.
        0.
        0.
        0.
        0.
        0.
        0.
        0.
        0.
        0.
        0.
        0.
        0.
        0.
        0.
        0.
        0.
        0.
        0.
        0.
        0.
        0.
        0.
        0.
        0.
        0.
        0.
