        0.
        0.
        0.
        0.
        0.
        0.
        0.
    0.0060
    0.0410
    0.2420
    0.9080
    2.6090
    5.9490
   11.5900
   19.9280
   29.4550
   39.2260
   46.9430
   52.5370
   53.0900
   50.6330
   45.3770
   38.1720
   30.7100
   23.1090
   16.8580
   11.7690
    7.9130
    5.1940
    3.2350
    2.0000
    1.1440
    0.6470
    0.3310
    0.1880
    0.0960
    0.0510
    0.0240
    0.0110
    0.0080
    0.0030
        0.
    0.0020
        0.
        0.
        0.
    0.0010
        0.
        0.
        0.
        0.
        0.
        0.
        0.
        0.
        0.
        0.
        0.
        0.
        0.
