    0.0030
    0.1790
    1.0630
    2.8400
    5.3650
    8.4070
   11.3820
   14.1390
   16.7940
   18.8180
   20.5200
   21.5970
   22.4390
   22.6620
   22.6380
   22.4620
   21.7480
   20.9350
   20.3930
   19.0100
   17.9310
   16.9760
   15.7500
   14.4770
   13.3310
   12.4710
   11.4970
   10.2780
    9.4130
    8.4690
    7.4500
    6.8930
    6.2230
    5.4560
    5.0040
    4.4680
    3.9780
    3.6760
    3.1410
    2.8210
    2.5780
    2.3690
    1.9810
    1.8500
    1.6520
    1.5070
    1.3650
    1.2180
    1.1430
    0.9940
    0.9060
    0.7870
    0.7380
    0.6830
    0.6070
    0.5610
    0.5300
    0.4600
    0.4260
    0.3970
    0.3460
    0.2870
    0.3090
    0.2390
    0.2330
    0.2140
    0.2370
    0.2000
    0.1490
    0.1950
    0.1490
    0.1470
    0.1060
    0.1210
    0.1150
    0.0870
    0.0870
    0.0810
    0.0750
    0.0680
    0.0670
    0.0480
    0.0500
    0.0530
    0.0440
    0.0310
    0.0380
    0.0210
    0.0450
    0.0250
    0.0250
    0.0210
    0.0140
    0.0240
    0.0240
    0.0170
    0.0180
    0.0170
    0.0100
    0.0080
    0.0130
    0.0090
    0.0120
    0.0070
    0.0140
    0.0080
    0.0020
    0.0060
    0.0040
    0.0050
    0.0010
    0.0010
        0.
    0.0030
    0.0030
        0.
    0.0020
    0.0010
    0.0010
        0.
    0.0010
        0.
    0.0020
        0.
    0.0030
        0.
        0.
    0.0010
    0.0010
    0.0010
        0.
        0.
    0.0010
        0.
    0.0010
        0.
        0.
        0.
        0.
        0.
        0.
        0.
        0.
        0.
        0.
        0.
    0.0010
        0.
        0.
        0.
    0.0020
        0.
        0.
        0.
        0.
        0.
        0.
        0.
        0.
        0.
        0.
        0.
        0.
        0.
        0.
        0.
        0.
        0.
        0.
        0.
        0.
        0.
        0.
        0.
        0.
        0.
        0.
        0.
        0.
        0.
        0.
        0.
        0.
        0.
        0.
        0.
        0.
        0.
        0.
        0.
        0.
        0.
        0.
        0.
        0.
        0.
        0.
        0.
        0.
        0.
        0.
        0.
        0.
        0.
        0.
        0.
        0.
        0.
        0.
        0.
        0.
        0.
        0.
        0.
        0.
        0.
        0.
        0.
        0.
        0.
        0.
        0.
        0.
        0.
        0.
        0.
        0.
        0.
        0.
        0.
        0.
        0.
        0.
        0.
        0.
        0.
        0.
        0.
        0.
        0.
        0.
        0.
        0.
        0.
        0.
        0.
        0.
        0.
        0.
        0.
        0.
        0.
        0.
        0.
        0.
        0.
        0.
        0.
        0.
        0.
        0.
        0.
        0.
        0.
        0.
        0.
        0.
        0.
        0.
        0.
        0.
        0.
        0.
        0.
        0.
        0.
        0.
        0.
        0.
        0.
        0.
        0.
        0.
        0.
        0.
        0.
        0.
        0.
        0.
        0.
        0.
        0.
        0.
        0.
        0.
        0.
        0.
        0.
        0.
        0.
        0.
        0.
        0.
        0.
        0.
        0.
        0.
        0.
        0.
        0.
        0.
        0.
        0.
        0.
        0.
        0.
        0.
        0.
        0.
        0.
        0.
        0.
        0.
        0.
        0.
        0.
        0.
        0.
        0.
        0.
        0.
        0.
        0.
        0.
        0.
        0.
        0.
        0.
        0.
        0.
        0.
        0.
        0.
        0.
        0.
        0.
        0.
        0.
        0.
        0.
        0.
        0.
        0.
        0.
        0.
        0.
        0.
        0.
        0.
        0.
        0.
        0.
        0.
        0.
        0.
        0.
        0.
        0.
        0.
        0.
        0.
        0.
        0.
        0.
        0.
        0.
        0.
        0.
        0.
        0.
        0.
        0.
        0.
        0.
        0.
        0.
        0.
        0.
        0.
        0.
        0.
        0.
        0.
        0.
        0.
        0.
        0.
        0.
        0.
        0.
        0.
        0.
        0.
        0.
        0.
        0.
        0.
        0.
        0.
        0.
        0.
        0.
        0.
        0.
        0.
        0.
        0.
        0.
        0.
        0.
        0.
        0.
        0.
        0.
        0.
        0.
        0.
        0.
        0.
        0.
        0.
        0.
        0.
        0.
        0.
        0.
        0.
        0.
        0.
        0.
        0.
        0.
        0.
        0.
        0.
        0.
        0.
        0.
        0.
        0.
        0.
        0.
        0.
        0.
        0.
        0.
        0.
        0.
        0.
        0.
        0.
        0.
        0.
        0.
        0.
        0.
        0.
        0.
        0.
        0.
        0.
        0.
        0.
        0.
        0.
        0.
        0.
        0.
        0.
        0.
        0.
        0.
        0.
        0.
        0.
        0.
        0.
        0.
        0.
        0.
        0.
        0.
        0.
        0.
        0.
        0.
        0.
        0.
        0.
        0.
        0.
        0.
        0.
        0.
        0.
        0.
        0.
        0.
        0.
        0.
        0.
        0.
        0.
        0.
        0.
        0.
        0.
        0.
        0.
        0.
        0.
        0.
        0.
        0.
        0.
        0.
        0.
        0.
        0.
        0.
        0.
        0.
        0.
        0.
        0.
        0.
        0.
        0.
        0.
        0.
        0.
        0.
        0.
        0.
        0.
        0.
        0.
        0.
        0.
        0.
        0.
        0.
        0.
        0.
        0.
        0.
        0.
        0.
        0.
        0.
        0.
        0.
        0.
        0.
        0.
        0.
        0.
        0.
        0.
        0.
        0.
        0.
        0.
        0.
        0.
        0.
        0.
        0.
        0.
        0.
        0.
        0.
        0.
        0.
        0.
        0.
        0.
        0.
        0.
        0.
        0.
        0.
        0.
        0.
        0.
        0.
        0.
        0.
        0.
        0.
        0.
        0.
        0.
        0.
        0.
        0.
        0.
        0.
        0.
        0.
        0.
        0.
        0.
        0.
        0.
        0.
        0.
        0.
        0.
        0.
        0.
        0.
        0.
        0.
        0.
        0.
        0.
        0.
        0.
        0.
        0.
        0.
        0.
        0.
        0.
        0.
        0.
        0.
        0.
        0.
        0.
        0.
        0.
        0.
        0.
        0.
        0.
        0.
        0.
        0.
        0.
        0.
        0.
        0.
        0.
        0.
        0.
        0.
        0.
        0.
        0.
        0.
        0.
        0.
        0.
        0.
        0.
        0.
        0.
        0.
        0.
        0.
        0.
        0.
        0.
        0.
        0.
        0.
        0.
        0.
        0.
        0.
        0.
        0.
        0.
        0.
        0.
        0.
        0.
        0.
        0.
        0.
        0.
        0.
        0.
        0.
        0.
        0.
        0.
        0.
        0.
        0.
        0.
        0.
        0.
        0.
        0.
        0.
        0.
        0.
        0.
        0.
        0.
        0.
        0.
        0.
        0.
        0.
        0.
        0.
        0.
        0.
        0.
        0.
        0.
        0.
        0.
        0.
        0.
        0.
        0.
        0.
        0.
        0.
        0.
        0.
        0.
        0.
        0.
        0.
        0.
        0.
        0.
        0.
        0.
        0.
        0.
        0.
        0.
        0.
        0.
        0.
        0.
        0.
        0.
        0.
        0.
        0.
        0.
        0.
        0.
        0.
        0.
        0.
        0.
        0.
        0.
        0.
        0.
        0.
        0.
        0.
        0.
        0.
        0.
        0.
        0.
        0.
        0.
        0.
        0.
        0.
        0.
        0.
        0.
        0.
        0.
        0.
        0.
        0.
        0.
        0.
        0.
        0.
        0.
        0.
        0.
        0.
        0.
        0.
        0.
        0.
        0.
        0.
        0.
        0.
        0.
        0.
        0.
        0.
        0.
        0.
        0.
        0.
        0.
        0.
        0.
        0.
        0.
        0.
        0.
        0.
        0.
        0.
        0.
        0.
        0.
        0.
        0.
        0.
        0.
        0.
        0.
        0.
        0.
        0.
        0.
        0.
        0.
        0.
        0.
        0.
        0.
        0.
        0.
        0.
        0.
        0.
        0.
        0.
        0.
        0.
        0.
        0.
        0.
        0.
        0.
        0.
        0.
        0.
        0.
        0.
        0.
        0.
        0.
        0.
        0.
        0.
        0.
        0.
        0.
        0.
        0.
        0.
        0.
        0.
        0.
        0.
        0.
        0.
        0.
        0.
        0.
        0.
        0.
        0.
        0.
        0.
        0.
        0.
        0.
        0.
        0.
        0.
        0.
        0.
        0.
        0.
        0.
        0.
        0.
        0.
        0.
        0.
        0.
        0.
        0.
        0.
        0.
        0.
        0.
        0.
        0.
        0.
        0.
        0.
        0.
        0.
        0.
        0.
        0.
        0.
        0.
        0.
        0.
        0.
        0.
        0.
        0.
        0.
        0.
        0.
        0.
        0.
        0.
        0.
        0.
        0.
        0.
        0.
        0.
        0.
        0.
        0.
        0.
        0.
        0.
        0.
        0.
        0.
        0.
        0.
        0.
        0.
        0.
        0.
        0.
        0.
        0.
        0.
        0.
        0.
        0.
        0.
        0.
        0.
        0.
        0.
        0.
        0.
        0.
        0.
        0.
        0.
        0.
        0.
        0.
        0.
        0.
        0.
        0.
        0.
        0.
        0.
        0.
        0.
        0.
        0.
        0.
        0.
        0.
        0.
        0.
        0.
        0.
        0.
        0.
        0.
        0.
        0.
        0.
        0.
        0.
        0.
        0.
        0.
        0.
        0.
        0.
        0.
        0.
        0.
        0.
        0.
        0.
        0.
        0.
        0.
        0.
        0.
        0.
        0.
        0.
        0.
        0.
        0.
        0.
        0.
        0.
        0.
        0.
        0.
        0.
        0.
        0.
        0.
        0.
        0.
        0.
        0.
        0.
        0.
        0.
        0.
        0.
        0.
        0.
        0.
        0.
        0.
        0.
        0.
        0.
        0.
        0.
        0.
        0.
        0.
        0.
        0.
        0.
        0.
        0.
        0.
        0.
        0.
        0.
        0.
        0.
        0.
        0.
        0.
        0.
        0.
        0.
        0.
        0.
        0.
        0.
        0.
        0.
        0.
        0.
        0.
        0.
        0.
        0.
        0.
        0.
        0.
        0.
        0.
        0.
        0.
        0.
        0.
        0.
        0.
        0.
        0.
        0.
        0.
        0.
        0.
        0.
        0.
        0.
        0.
        0.
        0.
        0.
        0.
        0.
        0.
        0.
        0.
        0.
        0.
        0.
        0.
        0.
        0.
        0.
        0.
        0.
        0.
        0.
        0.
        0.
        0.
        0.
        0.
        0.
        0.
        0.
        0.
        0.
        0.
        0.
        0.
        0.
        0.
        0.
        0.
        0.
        0.
        0.
        0.
        0.
        0.
        0.
        0.
        0.
        0.
        0.
        0.
        0.
        0.
        0.
        0.
        0.
        0.
        0.
        0.
        0.
        0.
        0.
        0.
        0.
        0.
        0.
        0.
        0.
        0.
        0.
        0.
        0.
        0.
        0.
        0.
        0.
        0.
        0.
        0.
        0.
        0.
        0.
        0.
        0.
        0.
        0.
        0.
        0.
        0.
        0.
        0.
        0.
        0.
        0.
        0.
        0.
        0.
        0.
        0.
        0.
        0.
        0.
        0.
        0.
        0.
        0.
        0.
        0.
        0.
        0.
        0.
        0.
        0.
        0.
        0.
        0.
        0.
        0.
        0.
        0.
        0.
        0.
        0.
        0.
        0.
        0.
        0.
        0.
        0.
        0.
        0.
        0.
        0.
        0.
        0.
        0.
        0.
        0.
        0.
        0.
        0.
        0.
        0.
        0.
        0.
        0.
        0.
        0.
        0.
        0.
        0.
        0.
        0.
        0.
        0.
        0.
        0.
        0.
        0.
        0.
        0.
        0.
        0.
        0.
        0.
        0.
        0.
        0.
        0.
        0.
        0.
        0.
        0.
        0.
        0.
        0.
        0.
        0.
        0.
        0.
        0.
        0.
        0.
        0.
        0.
        0.
        0.
        0.
        0.
        0.
        0.
        0.
        0.
        0.
        0.
        0.
        0.
        0.
        0.
        0.
        0.
        0.
        0.
        0.
        0.
        0.
        0.
        0.
        0.
        0.
        0.
        0.
        0.
        0.
        0.
        0.
        0.
        0.
        0.
        0.
        0.
        0.
        0.
        0.
        0.
        0.
        0.
        0.
        0.
        0.
        0.
        0.
        0.
        0.
        0.
        0.
        0.
        0.
        0.
        0.
        0.
        0.
        0.
        0.
        0.
        0.
        0.
        0.
        0.
        0.
        0.
        0.
        0.
        0.
        0.
        0.
        0.
        0.
        0.
        0.
        0.
        0.
        0.
        0.
        0.
        0.
        0.
        0.
        0.
        0.
        0.
        0.
        0.
        0.
        0.
        0.
        0.
        0.
        0.
        0.
        0.
        0.
        0.
        0.
        0.
        0.
        0.
        0.
        0.
        0.
        0.
        0.
        0.
        0.
        0.
        0.
        0.
        0.
        0.
        0.
        0.
        0.
        0.
        0.
        0.
        0.
        0.
        0.
        0.
        0.
        0.
        0.
        0.
        0.
        0.
        0.
        0.
        0.
        0.
        0.
        0.
        0.
        0.
        0.
        0.
        0.
        0.
        0.
        0.
        0.
        0.
        0.
        0.
        0.
        0.
        0.
        0.
        0.
        0.
        0.
        0.
        0.
        0.
        0.
        0.
        0.
        0.
        0.
        0.
        0.
        0.
        0.
        0.
        0.
        0.
        0.
        0.
        0.
        0.
        0.
        0.
        0.
        0.
        0.
        0.
        0.
        0.
        0.
        0.
        0.
        0.
        0.
        0.
        0.
        0.
        0.
        0.
        0.
        0.
        0.
        0.
        0.
        0.
        0.
        0.
        0.
        0.
        0.
        0.
        0.
        0.
        0.
        0.
        0.
        0.
        0.
        0.
        0.
        0.
        0.
        0.
        0.
        0.
        0.
        0.
        0.
        0.
        0.
        0.
        0.
        0.
        0.
        0.
        0.
        0.
        0.
        0.
        0.
        0.
        0.
        0.
        0.
        0.
        0.
        0.
        0.
        0.
        0.
        0.
        0.
        0.
        0.
        0.
        0.
        0.
        0.
        0.
        0.
        0.
        0.
        0.
        0.
        0.
        0.
        0.
        0.
        0.
        0.
        0.
        0.
        0.
        0.
        0.
        0.
        0.
        0.
        0.
        0.
        0.
        0.
        0.
        0.
        0.
        0.
        0.
        0.
        0.
        0.
        0.
        0.
        0.
        0.
        0.
        0.
        0.
        0.
        0.
        0.
        0.
        0.
        0.
        0.
        0.
        0.
        0.
        0.
        0.
        0.
        0.
        0.
        0.
        0.
        0.
        0.
        0.
        0.
        0.
        0.
        0.
        0.
        0.
        0.
        0.
        0.
        0.
        0.
        0.
        0.
        0.
        0.
        0.
        0.
        0.
        0.
        0.
        0.
        0.
        0.
        0.
        0.
        0.
        0.
        0.
        0.
        0.
        0.
        0.
        0.
        0.
        0.
        0.
        0.
        0.
        0.
        0.
        0.
        0.
        0.
        0.
        0.
        0.
        0.
        0.
        0.
        0.
        0.
        0.
        0.
        0.
        0.
        0.
        0.
        0.
        0.
        0.
        0.
        0.
        0.
        0.
        0.
        0.
        0.
        0.
        0.
        0.
        0.
        0.
        0.
        0.
        0.
        0.
        0.
        0.
        0.
        0.
        0.
        0.
        0.
        0.
        0.
        0.
        0.
        0.
        0.
        0.
        0.
        0.
        0.
        0.
        0.
        0.
        0.
        0.
        0.
        0.
        0.
        0.
        0.
        0.
        0.
        0.
        0.
        0.
        0.
        0.
        0.
        0.
        0.
        0.
        0.
        0.
        0.
        0.
        0.
        0.
        0.
        0.
        0.
        0.
        0.
        0.
        0.
        0.
        0.
        0.
        0.
        0.
        0.
        0.
        0.
        0.
        0.
        0.
        0.
        0.
        0.
        0.
        0.
        0.
        0.
        0.
        0.
        0.
        0.
        0.
        0.
        0.
        0.
        0.
        0.
        0.
        0.
        0.
        0.
        0.
        0.
        0.
        0.
        0.
        0.
        0.
        0.
        0.
        0.
        0.
        0.
        0.
        0.
        0.
        0.
        0.
        0.
        0.
        0.
        0.
        0.
        0.
        0.
        0.
        0.
        0.
        0.
        0.
        0.
        0.
        0.
        0.
        0.
        0.
        0.
        0.
        0.
        0.
        0.
        0.
        0.
        0.
        0.
        0.
        0.
        0.
        0.
        0.
        0.
        0.
        0.
        0.
        0.
        0.
        0.
        0.
        0.
        0.
        0.
        0.
        0.
        0.
        0.
        0.
        0.
        0.
        0.
        0.
        0.
        0.
        0.
        0.
        0.
        0.
        0.
        0.
        0.
        0.
        0.
        0.
        0.
        0.
        0.
        0.
        0.
        0.
        0.
        0.
        0.
        0.
        0.
        0.
        0.
        0.
        0.
        0.
        0.
        0.
        0.
        0.
        0.
        0.
        0.
        0.
        0.
        0.
        0.
        0.
        0.
        0.
        0.
        0.
        0.
        0.
        0.
        0.
        0.
        0.
        0.
        0.
        0.
        0.
        0.
        0.
        0.
        0.
        0.
        0.
        0.
        0.
        0.
        0.
        0.
        0.
        0.
        0.
        0.
        0.
        0.
        0.
        0.
        0.
        0.
        0.
        0.
        0.
        0.
        0.
        0.
        0.
        0.
        0.
        0.
        0.
        0.
        0.
        0.
        0.
        0.
        0.
        0.
        0.
        0.
        0.
        0.
        0.
        0.
        0.
        0.
        0.
        0.
        0.
        0.
        0.
        0.
        0.
        0.
        0.
        0.
        0.
        0.
        0.
        0.
        0.
        0.
        0.
        0.
        0.
        0.
        0.
        0.
        0.
        0.
        0.
        0.
        0.
        0.
        0.
        0.
        0.
        0.
        0.
        0.
        0.
        0.
        0.
        0.
        0.
        0.
        0.
        0.
        0.
        0.
        0.
        0.
        0.
        0.
        0.
        0.
        0.
        0.
        0.
        0.
        0.
        0.
        0.
        0.
        0.
        0.
        0.
        0.
        0.
        0.
        0.
        0.
        0.
        0.
        0.
        0.
        0.
