    0.0060
    0.1400
    0.8330
    2.3610
    4.6140
    7.3880
   10.0990
   13.1110
   15.4960
   17.6800
   19.1370
   20.6530
   21.6740
   21.9060
   22.4020
   22.5680
   21.9700
   21.4370
   20.6930
   19.9160
   18.5590
   17.8700
   16.6680
   15.6300
   14.3780
   13.5890
   12.1760
   11.2850
   10.2570
    9.6400
    8.4220
    7.6360
    6.8170
    6.1770
    5.5260
    4.9430
    4.4530
    3.9700
    3.5510
    2.9840
    2.7770
    2.4260
    2.0710
    1.8920
    1.6040
    1.4920
    1.3020
    1.0650
    0.8970
    0.8490
    0.6840
    0.6220
    0.4990
    0.4440
    0.3870
    0.3400
    0.3060
    0.2520
    0.1990
    0.1830
    0.1500
    0.1350
    0.1190
    0.1080
    0.0870
    0.0840
    0.0790
    0.0500
    0.0500
    0.0290
    0.0420
    0.0260
    0.0240
    0.0210
    0.0110
    0.0160
    0.0170
    0.0020
    0.0080
    0.0040
    0.0050
    0.0020
    0.0020
    0.0030
    0.0030
    0.0020
    0.0050
    0.0010
    0.0020
        0.
    0.0020
        0.
    0.0020
    0.0010
    0.0020
        0.
        0.
        0.
        0.
        0.
        0.
        0.
        0.
        0.
        0.
        0.
        0.
        0.
        0.
        0.
        0.
        0.
        0.
        0.
        0.
        0.
        0.
        0.
        0.
        0.
        0.
        0.
        0.
        0.
        0.
        0.
        0.
        0.
        0.
        0.
        0.
        0.
        0.
        0.
        0.
        0.
        0.
        0.
        0.
        0.
        0.
        0.
        0.
        0.
        0.
        0.
        0.
        0.
        0.
        0.
        0.
        0.
        0.
        0.
        0.
        0.
        0.
        0.
        0.
        0.
        0.
        0.
        0.
        0.
        0.
        0.
        0.
        0.
        0.
        0.
        0.
        0.
        0.
        0.
        0.
        0.
        0.
        0.
        0.
        0.
        0.
        0.
        0.
        0.
        0.
        0.
        0.
        0.
        0.
        0.
        0.
        0.
        0.
        0.
        0.
        0.
        0.
        0.
        0.
        0.
        0.
        0.
        0.
        0.
        0.
        0.
        0.
        0.
        0.
        0.
        0.
        0.
        0.
        0.
        0.
        0.
        0.
        0.
        0.
        0.
        0.
        0.
        0.
        0.
        0.
        0.
        0.
        0.
        0.
        0.
        0.
        0.
        0.
        0.
        0.
        0.
        0.
        0.
        0.
        0.
        0.
        0.
        0.
        0.
        0.
        0.
        0.
        0.
        0.
        0.
        0.
        0.
        0.
        0.
        0.
        0.
        0.
        0.
        0.
        0.
        0.
        0.
        0.
        0.
        0.
        0.
        0.
        0.
        0.
        0.
        0.
        0.
        0.
        0.
        0.
        0.
        0.
        0.
        0.
        0.
        0.
        0.
        0.
        0.
        0.
        0.
        0.
        0.
        0.
        0.
        0.
        0.
        0.
        0.
        0.
        0.
        0.
        0.
        0.
        0.
        0.
        0.
        0.
        0.
        0.
        0.
        0.
        0.
        0.
        0.
        0.
        0.
        0.
        0.
        0.
        0.
        0.
        0.
        0.
        0.
        0.
        0.
        0.
        0.
        0.
        0.
        0.
        0.
        0.
        0.
        0.
        0.
        0.
        0.
        0.
        0.
        0.
        0.
        0.
        0.
        0.
        0.
        0.
        0.
        0.
        0.
        0.
        0.
        0.
        0.
        0.
        0.
        0.
        0.
        0.
        0.
        0.
        0.
        0.
        0.
        0.
        0.
        0.
        0.
        0.
        0.
        0.
        0.
        0.
        0.
        0.
        0.
        0.
        0.
        0.
        0.
        0.
        0.
        0.
        0.
        0.
        0.
        0.
        0.
        0.
        0.
        0.
        0.
        0.
        0.
        0.
        0.
        0.
        0.
        0.
        0.
        0.
        0.
        0.
        0.
        0.
        0.
        0.
        0.
        0.
        0.
        0.
        0.
        0.
        0.
        0.
        0.
        0.
        0.
        0.
        0.
        0.
        0.
        0.
        0.
        0.
        0.
        0.
        0.
        0.
        0.
        0.
        0.
        0.
        0.
        0.
        0.
        0.
        0.
        0.
        0.
        0.
        0.
        0.
        0.
        0.
        0.
        0.
        0.
        0.
        0.
        0.
        0.
        0.
        0.
        0.
        0.
        0.
        0.
        0.
        0.
        0.
        0.
        0.
        0.
        0.
        0.
        0.
        0.
        0.
        0.
        0.
        0.
        0.
        0.
        0.
        0.
        0.
        0.
        0.
        0.
        0.
        0.
        0.
        0.
        0.
        0.
        0.
        0.
        0.
        0.
        0.
        0.
        0.
        0.
        0.
        0.
        0.
        0.
        0.
        0.
        0.
        0.
        0.
        0.
        0.
        0.
        0.
        0.
        0.
        0.
        0.
        0.
        0.
        0.
        0.
        0.
        0.
        0.
        0.
        0.
        0.
        0.
        0.
        0.
        0.
        0.
        0.
        0.
        0.
        0.
        0.
        0.
        0.
        0.
        0.
        0.
        0.
        0.
        0.
        0.
        0.
        0.
        0.
        0.
        0.
        0.
        0.
        0.
        0.
        0.
        0.
        0.
        0.
        0.
        0.
        0.
        0.
        0.
        0.
        0.
        0.
        0.
        0.
        0.
        0.
        0.
        0.
        0.
        0.
        0.
        0.
        0.
        0.
        0.
        0.
        0.
        0.
        0.
        0.
        0.
        0.
        0.
        0.
        0.
        0.
        0.
        0.
        0.
        0.
        0.
        0.
        0.
        0.
        0.
        0.
        0.
        0.
        0.
        0.
        0.
        0.
        0.
        0.
        0.
        0.
        0.
        0.
        0.
        0.
        0.
        0.
        0.
        0.
        0.
        0.
        0.
        0.
        0.
        0.
        0.
        0.
        0.
        0.
        0.
        0.
        0.
        0.
        0.
        0.
        0.
        0.
        0.
        0.
        0.
        0.
        0.
        0.
        0.
        0.
        0.
        0.
        0.
        0.
        0.
        0.
        0.
        0.
        0.
        0.
        0.
        0.
        0.
        0.
        0.
        0.
        0.
        0.
        0.
        0.
        0.
        0.
        0.
        0.
        0.
        0.
        0.
        0.
        0.
        0.
        0.
        0.
        0.
        0.
        0.
        0.
        0.
        0.
        0.
        0.
        0.
        0.
        0.
        0.
        0.
        0.
        0.
        0.
        0.
        0.
        0.
        0.
        0.
        0.
        0.
        0.
        0.
        0.
        0.
        0.
        0.
        0.
        0.
        0.
        0.
        0.
        0.
        0.
        0.
        0.
        0.
        0.
        0.
        0.
        0.
        0.
        0.
        0.
        0.
        0.
        0.
        0.
        0.
        0.
        0.
        0.
        0.
        0.
        0.
        0.
        0.
        0.
        0.
        0.
        0.
        0.
        0.
        0.
        0.
        0.
        0.
        0.
        0.
        0.
        0.
        0.
        0.
        0.
        0.
        0.
        0.
        0.
        0.
        0.
        0.
        0.
        0.
        0.
        0.
        0.
        0.
        0.
        0.
        0.
        0.
        0.
        0.
        0.
        0.
        0.
        0.
        0.
        0.
        0.
        0.
        0.
        0.
        0.
        0.
        0.
        0.
        0.
        0.
        0.
        0.
        0.
        0.
        0.
        0.
        0.
        0.
        0.
        0.
        0.
        0.
        0.
        0.
        0.
        0.
        0.
        0.
        0.
        0.
        0.
        0.
        0.
        0.
        0.
        0.
        0.
        0.
        0.
        0.
        0.
        0.
        0.
        0.
        0.
        0.
        0.
        0.
        0.
        0.
        0.
        0.
        0.
        0.
        0.
        0.
        0.
        0.
        0.
        0.
        0.
        0.
        0.
        0.
        0.
        0.
        0.
        0.
        0.
        0.
        0.
        0.
        0.
        0.
        0.
        0.
        0.
        0.
        0.
        0.
        0.
        0.
        0.
        0.
        0.
        0.
        0.
        0.
        0.
        0.
        0.
        0.
        0.
        0.
        0.
        0.
        0.
        0.
        0.
        0.
        0.
        0.
        0.
        0.
        0.
        0.
        0.
        0.
        0.
        0.
        0.
        0.
        0.
        0.
        0.
        0.
        0.
        0.
        0.
        0.
        0.
        0.
        0.
        0.
        0.
        0.
        0.
        0.
        0.
        0.
        0.
        0.
        0.
        0.
        0.
        0.
        0.
        0.
        0.
        0.
        0.
        0.
        0.
        0.
        0.
        0.
        0.
        0.
        0.
        0.
        0.
        0.
        0.
        0.
        0.
        0.
        0.
        0.
        0.
        0.
        0.
        0.
        0.
        0.
        0.
        0.
        0.
        0.
        0.
        0.
        0.
        0.
        0.
        0.
        0.
        0.
        0.
        0.
        0.
        0.
        0.
        0.
        0.
        0.
        0.
        0.
        0.
        0.
        0.
        0.
        0.
        0.
        0.
        0.
        0.
        0.
        0.
        0.
        0.
        0.
        0.
        0.
        0.
        0.
        0.
        0.
        0.
        0.
        0.
        0.
        0.
        0.
        0.
        0.
        0.
        0.
        0.
        0.
        0.
        0.
        0.
        0.
        0.
        0.
        0.
        0.
        0.
        0.
        0.
        0.
        0.
        0.
        0.
        0.
        0.
        0.
        0.
        0.
        0.
        0.
        0.
        0.
        0.
        0.
        0.
        0.
        0.
        0.
        0.
        0.
        0.
        0.
        0.
        0.
        0.
        0.
        0.
        0.
        0.
        0.
        0.
        0.
        0.
        0.
        0.
        0.
        0.
        0.
        0.
        0.
        0.
        0.
        0.
        0.
        0.
        0.
        0.
        0.
        0.
        0.
        0.
        0.
        0.
        0.
        0.
        0.
        0.
        0.
        0.
        0.
        0.
        0.
        0.
        0.
        0.
        0.
        0.
        0.
        0.
        0.
        0.
        0.
        0.
        0.
        0.
        0.
        0.
        0.
        0.
        0.
        0.
        0.
        0.
        0.
        0.
        0.
        0.
        0.
        0.
        0.
        0.
        0.
        0.
        0.
        0.
        0.
        0.
        0.
        0.
        0.
        0.
        0.
        0.
        0.
        0.
        0.
        0.
        0.
        0.
        0.
        0.
        0.
        0.
        0.
        0.
        0.
        0.
        0.
        0.
        0.
        0.
        0.
        0.
        0.
        0.
        0.
        0.
        0.
        0.
        0.
        0.
        0.
        0.
        0.
        0.
        0.
        0.
        0.
        0.
        0.
        0.
        0.
        0.
        0.
        0.
        0.
        0.
        0.
        0.
        0.
        0.
        0.
        0.
        0.
        0.
        0.
        0.
        0.
        0.
        0.
        0.
        0.
        0.
        0.
        0.
        0.
        0.
        0.
        0.
        0.
        0.
        0.
        0.
        0.
        0.
        0.
        0.
        0.
        0.
        0.
        0.
        0.
        0.
        0.
        0.
        0.
        0.
        0.
        0.
        0.
        0.
        0.
        0.
        0.
        0.
        0.
        0.
        0.
        0.
        0.
        0.
        0.
        0.
        0.
        0.
        0.
        0.
        0.
        0.
        0.
        0.
        0.
        0.
        0.
        0.
        0.
        0.
        0.
        0.
        0.
        0.
        0.
        0.
        0.
        0.
        0.
        0.
        0.
        0.
        0.
        0.
        0.
        0.
        0.
        0.
        0.
        0.
        0.
        0.
        0.
        0.
        0.
        0.
        0.
        0.
        0.
        0.
        0.
        0.
        0.
        0.
        0.
        0.
        0.
        0.
        0.
        0.
        0.
        0.
        0.
        0.
        0.
        0.
        0.
        0.
        0.
        0.
        0.
        0.
        0.
        0.
        0.
        0.
        0.
        0.
        0.
        0.
        0.
        0.
        0.
        0.
        0.
        0.
        0.
        0.
        0.
        0.
        0.
        0.
        0.
        0.
        0.
        0.
        0.
        0.
        0.
        0.
        0.
        0.
        0.
        0.
        0.
        0.
        0.
        0.
        0.
        0.
        0.
        0.
        0.
        0.
        0.
        0.
        0.
        0.
        0.
        0.
        0.
        0.
        0.
        0.
        0.
        0.
        0.
        0.
        0.
        0.
        0.
        0.
        0.
        0.
        0.
        0.
        0.
        0.
        0.
        0.
        0.
        0.
        0.
        0.
        0.
        0.
        0.
        0.
        0.
        0.
        0.
        0.
        0.
        0.
        0.
        0.
        0.
        0.
        0.
        0.
        0.
        0.
        0.
        0.
        0.
        0.
        0.
        0.
        0.
        0.
        0.
        0.
        0.
        0.
        0.
        0.
        0.
        0.
        0.
        0.
        0.
        0.
        0.
        0.
        0.
        0.
        0.
        0.
        0.
        0.
        0.
        0.
        0.
        0.
        0.
        0.
        0.
        0.
        0.
        0.
        0.
        0.
        0.
        0.
        0.
        0.
        0.
        0.
        0.
        0.
        0.
        0.
        0.
        0.
        0.
        0.
        0.
        0.
        0.
        0.
        0.
        0.
        0.
        0.
        0.
        0.
        0.
        0.
        0.
        0.
        0.
        0.
        0.
        0.
        0.
        0.
        0.
        0.
        0.
        0.
        0.
        0.
        0.
        0.
        0.
        0.
        0.
        0.
        0.
        0.
        0.
        0.
        0.
        0.
        0.
        0.
        0.
        0.
        0.
        0.
        0.
        0.
        0.
        0.
        0.
        0.
        0.
        0.
        0.
        0.
        0.
        0.
        0.
        0.
        0.
        0.
        0.
        0.
        0.
        0.
        0.
        0.
        0.
        0.
        0.
        0.
        0.
        0.
        0.
        0.
        0.
        0.
        0.
        0.
        0.
        0.
        0.
        0.
        0.
        0.
        0.
        0.
        0.
        0.
        0.
        0.
        0.
        0.
        0.
        0.
        0.
        0.
        0.
        0.
        0.
        0.
        0.
        0.
        0.
        0.
        0.
        0.
        0.
        0.
        0.
        0.
        0.
        0.
        0.
        0.
        0.
        0.
        0.
        0.
        0.
        0.
        0.
        0.
        0.
        0.
        0.
        0.
        0.
        0.
        0.
        0.
        0.
        0.
        0.
        0.
        0.
        0.
        0.
        0.
        0.
        0.
        0.
        0.
        0.
        0.
        0.
        0.
        0.
        0.
        0.
        0.
        0.
        0.
        0.
        0.
        0.
        0.
        0.
        0.
        0.
        0.
        0.
        0.
        0.
        0.
        0.
        0.
        0.
        0.
        0.
        0.
        0.
        0.
        0.
        0.
        0.
        0.
        0.
        0.
        0.
        0.
        0.
        0.
        0.
        0.
        0.
        0.
        0.
        0.
        0.
        0.
        0.
        0.
        0.
        0.
        0.
        0.
        0.
        0.
        0.
        0.
        0.
        0.
        0.
        0.
        0.
        0.
        0.
        0.
        0.
        0.
        0.
        0.
        0.
        0.
        0.
        0.
        0.
        0.
        0.
        0.
        0.
        0.
        0.
        0.
        0.
        0.
        0.
        0.
        0.
        0.
        0.
        0.
        0.
        0.
        0.
        0.
        0.
        0.
        0.
        0.
        0.
        0.
        0.
        0.
        0.
        0.
        0.
        0.
        0.
        0.
        0.
        0.
        0.
        0.
        0.
        0.
        0.
        0.
        0.
        0.
        0.
        0.
        0.
        0.
        0.
        0.
        0.
        0.
        0.
        0.
        0.
        0.
        0.
        0.
        0.
        0.
        0.
        0.
        0.
        0.
        0.
        0.
        0.
        0.
        0.
        0.
        0.
        0.
        0.
        0.
        0.
        0.
        0.
        0.
        0.
        0.
        0.
        0.
        0.
        0.
        0.
        0.
        0.
        0.
        0.
        0.
        0.
        0.
        0.
        0.
        0.
        0.
        0.
        0.
        0.
        0.
        0.
        0.
        0.
        0.
        0.
        0.
        0.
        0.
        0.
        0.
        0.
        0.
        0.
        0.
        0.
        0.
        0.
        0.
        0.
        0.
        0.
        0.
        0.
        0.
        0.
        0.
        0.
        0.
        0.
        0.
        0.
        0.
        0.
        0.
        0.
        0.
        0.
        0.
        0.
        0.
        0.
        0.
        0.
        0.
        0.
        0.
        0.
        0.
        0.
        0.
        0.
        0.
        0.
        0.
        0.
        0.
        0.
        0.
        0.
        0.
        0.
        0.
        0.
        0.
        0.
        0.
        0.
        0.
        0.
        0.
        0.
        0.
        0.
        0.
        0.
        0.
        0.
        0.
        0.
        0.
        0.
        0.
        0.
        0.
        0.
        0.
        0.
        0.
        0.
        0.
        0.
        0.
        0.
        0.
        0.
        0.
        0.
        0.
        0.
        0.
        0.
        0.
        0.
        0.
        0.
        0.
        0.
        0.
        0.
        0.
        0.
        0.
        0.
        0.
        0.
        0.
        0.
        0.
        0.
        0.
        0.
        0.
        0.
        0.
        0.
        0.
        0.
        0.
        0.
        0.
        0.
        0.
        0.
        0.
        0.
        0.
        0.
        0.
        0.
        0.
        0.
        0.
        0.
        0.
        0.
        0.
        0.
        0.
        0.
        0.
        0.
        0.
        0.
        0.
        0.
        0.
        0.
        0.
        0.
        0.
        0.
        0.
        0.
        0.
        0.
        0.
        0.
        0.
        0.
        0.
        0.
        0.
        0.
        0.
        0.
        0.
        0.
        0.
        0.
        0.
        0.
        0.
        0.
        0.
        0.
        0.
        0.
        0.
        0.
        0.
        0.
        0.
        0.
        0.
        0.
        0.
        0.
        0.
        0.
        0.
        0.
        0.
        0.
        0.
        0.
        0.
        0.
        0.
        0.
        0.
        0.
        0.
        0.
        0.
        0.
        0.
        0.
        0.
        0.
        0.
        0.
        0.
        0.
        0.
        0.
        0.
        0.
        0.
        0.
        0.
        0.
        0.
        0.
        0.
        0.
        0.
        0.
        0.
        0.
        0.
        0.
        0.
        0.
        0.
        0.
        0.
        0.
        0.
        0.
        0.
        0.
        0.
        0.
        0.
        0.
        0.
        0.
        0.
        0.
        0.
        0.
        0.
        0.
        0.
        0.
        0.
        0.
        0.
        0.
        0.
        0.
        0.
        0.
