    0.0030
    0.1280
    0.7900
    2.3830
    4.7440
    7.4740
   10.2570
   13.1770
   15.5940
   17.9080
   19.5480
   20.6250
   21.7710
   21.9910
   22.2090
   22.3870
   21.8970
   21.2670
   20.9170
   19.8430
   18.8330
   17.4570
   16.5700
   15.3670
   14.3420
   13.3340
   12.1600
   11.1150
   10.1910
    9.3010
    8.4750
    7.7830
    6.8460
    6.2750
    5.5070
    5.0160
    4.4100
    3.9060
    3.4740
    3.0960
    2.7020
    2.3350
    2.0390
    1.8990
    1.6050
    1.3490
    1.2350
    1.0780
    0.9100
    0.8050
    0.7780
    0.6760
    0.5930
    0.4670
    0.4530
    0.3600
    0.2790
    0.2730
    0.2730
    0.2010
    0.1680
    0.1620
    0.1400
    0.1040
    0.1060
    0.0830
    0.0700
    0.0590
    0.0600
    0.0500
    0.0390
    0.0440
    0.0270
    0.0300
    0.0170
    0.0190
    0.0300
    0.0160
    0.0100
    0.0120
    0.0080
    0.0100
    0.0070
    0.0070
    0.0110
    0.0040
    0.0080
    0.0030
    0.0030
    0.0020
    0.0020
        0.
    0.0010
    0.0010
    0.0020
    0.0010
        0.
    0.0010
        0.
    0.0010
        0.
        0.
        0.
    0.0010
        0.
        0.
        0.
        0.
        0.
        0.
        0.
        0.
        0.
        0.
        0.
        0.
        0.
        0.
        0.
        0.
        0.
        0.
        0.
        0.
        0.
        0.
        0.
        0.
        0.
        0.
        0.
        0.
        0.
        0.
        0.
        0.
        0.
        0.
        0.
        0.
        0.
        0.
        0.
        0.
        0.
        0.
        0.
        0.
        0.
        0.
        0.
        0.
        0.
        0.
        0.
        0.
        0.
        0.
        0.
        0.
        0.
        0.
        0.
        0.
        0.
        0.
        0.
        0.
        0.
        0.
        0.
        0.
        0.
        0.
        0.
        0.
        0.
        0.
        0.
        0.
        0.
        0.
        0.
        0.
        0.
        0.
        0.
        0.
        0.
        0.
        0.
        0.
        0.
        0.
        0.
        0.
        0.
        0.
        0.
        0.
        0.
        0.
        0.
        0.
        0.
        0.
        0.
        0.
        0.
        0.
        0.
        0.
        0.
        0.
        0.
        0.
        0.
        0.
        0.
        0.
        0.
        0.
        0.
        0.
        0.
        0.
        0.
        0.
        0.
        0.
        0.
        0.
        0.
        0.
        0.
        0.
        0.
        0.
        0.
        0.
        0.
        0.
        0.
        0.
        0.
        0.
        0.
        0.
        0.
        0.
        0.
        0.
        0.
        0.
        0.
        0.
        0.
        0.
        0.
        0.
        0.
        0.
        0.
        0.
        0.
        0.
        0.
        0.
        0.
        0.
        0.
        0.
        0.
        0.
        0.
        0.
        0.
        0.
        0.
        0.
        0.
        0.
        0.
        0.
        0.
        0.
        0.
        0.
        0.
        0.
        0.
        0.
        0.
        0.
        0.
        0.
        0.
        0.
        0.
        0.
        0.
        0.
        0.
        0.
        0.
        0.
        0.
        0.
        0.
        0.
        0.
        0.
        0.
        0.
        0.
        0.
        0.
        0.
        0.
        0.
        0.
        0.
        0.
        0.
        0.
        0.
        0.
        0.
        0.
        0.
        0.
        0.
        0.
        0.
        0.
        0.
        0.
        0.
        0.
        0.
        0.
        0.
        0.
        0.
        0.
        0.
        0.
        0.
        0.
        0.
        0.
        0.
        0.
        0.
        0.
        0.
        0.
        0.
        0.
        0.
        0.
        0.
        0.
        0.
        0.
        0.
        0.
        0.
        0.
        0.
        0.
        0.
        0.
        0.
        0.
        0.
        0.
        0.
        0.
        0.
        0.
        0.
        0.
        0.
        0.
        0.
        0.
        0.
        0.
        0.
        0.
        0.
        0.
        0.
        0.
        0.
        0.
        0.
        0.
        0.
        0.
        0.
        0.
        0.
        0.
        0.
        0.
        0.
        0.
        0.
        0.
        0.
        0.
        0.
        0.
        0.
        0.
        0.
        0.
        0.
        0.
        0.
        0.
        0.
        0.
        0.
        0.
        0.
        0.
        0.
        0.
        0.
        0.
        0.
        0.
        0.
        0.
        0.
        0.
        0.
        0.
        0.
        0.
        0.
        0.
        0.
        0.
        0.
        0.
        0.
        0.
        0.
        0.
        0.
        0.
        0.
        0.
        0.
        0.
        0.
        0.
        0.
        0.
        0.
        0.
        0.
        0.
        0.
        0.
        0.
        0.
        0.
        0.
        0.
        0.
        0.
        0.
        0.
        0.
        0.
        0.
        0.
        0.
        0.
        0.
        0.
        0.
        0.
        0.
        0.
        0.
        0.
        0.
        0.
        0.
        0.
        0.
        0.
        0.
        0.
        0.
        0.
        0.
        0.
        0.
        0.
        0.
        0.
        0.
        0.
        0.
        0.
        0.
        0.
        0.
        0.
        0.
        0.
        0.
        0.
        0.
        0.
        0.
        0.
        0.
        0.
        0.
        0.
        0.
        0.
        0.
        0.
        0.
        0.
        0.
        0.
        0.
        0.
        0.
        0.
        0.
        0.
        0.
        0.
        0.
        0.
        0.
        0.
        0.
        0.
        0.
        0.
        0.
        0.
        0.
        0.
        0.
        0.
        0.
        0.
        0.
        0.
        0.
        0.
        0.
        0.
        0.
        0.
        0.
        0.
        0.
        0.
        0.
        0.
        0.
        0.
        0.
        0.
        0.
        0.
        0.
        0.
        0.
        0.
        0.
        0.
        0.
        0.
        0.
        0.
        0.
        0.
        0.
        0.
        0.
        0.
        0.
        0.
        0.
        0.
        0.
        0.
        0.
        0.
        0.
        0.
        0.
        0.
        0.
        0.
        0.
        0.
        0.
        0.
        0.
        0.
        0.
        0.
        0.
        0.
        0.
        0.
        0.
        0.
        0.
        0.
        0.
        0.
        0.
        0.
        0.
        0.
        0.
        0.
        0.
        0.
        0.
        0.
        0.
        0.
        0.
        0.
        0.
        0.
        0.
        0.
        0.
        0.
        0.
        0.
        0.
        0.
        0.
        0.
        0.
        0.
        0.
        0.
        0.
        0.
        0.
        0.
        0.
        0.
        0.
        0.
        0.
        0.
        0.
        0.
        0.
        0.
        0.
        0.
        0.
        0.
        0.
        0.
        0.
        0.
        0.
        0.
        0.
        0.
        0.
        0.
        0.
        0.
        0.
        0.
        0.
        0.
        0.
        0.
        0.
        0.
        0.
        0.
        0.
        0.
        0.
        0.
        0.
        0.
        0.
        0.
        0.
        0.
        0.
        0.
        0.
        0.
        0.
        0.
        0.
        0.
        0.
        0.
        0.
        0.
        0.
        0.
        0.
        0.
        0.
        0.
        0.
        0.
        0.
        0.
        0.
        0.
        0.
        0.
        0.
        0.
        0.
        0.
        0.
        0.
        0.
        0.
        0.
        0.
        0.
        0.
        0.
        0.
        0.
        0.
        0.
        0.
        0.
        0.
        0.
        0.
        0.
        0.
        0.
        0.
        0.
        0.
        0.
        0.
        0.
        0.
        0.
        0.
        0.
        0.
        0.
        0.
        0.
        0.
        0.
        0.
        0.
        0.
        0.
        0.
        0.
        0.
        0.
        0.
        0.
        0.
        0.
        0.
        0.
        0.
        0.
        0.
        0.
        0.
        0.
        0.
        0.
        0.
        0.
        0.
        0.
        0.
        0.
        0.
        0.
        0.
        0.
        0.
        0.
        0.
        0.
        0.
        0.
        0.
        0.
        0.
        0.
        0.
        0.
        0.
        0.
        0.
        0.
        0.
        0.
        0.
        0.
        0.
        0.
        0.
        0.
        0.
        0.
        0.
        0.
        0.
        0.
        0.
        0.
        0.
        0.
        0.
        0.
        0.
        0.
        0.
        0.
        0.
        0.
        0.
        0.
        0.
        0.
        0.
        0.
        0.
        0.
        0.
        0.
        0.
        0.
        0.
        0.
        0.
        0.
        0.
        0.
        0.
        0.
        0.
        0.
        0.
        0.
        0.
        0.
        0.
        0.
        0.
        0.
        0.
        0.
        0.
        0.
        0.
        0.
        0.
        0.
        0.
        0.
        0.
        0.
        0.
        0.
        0.
        0.
        0.
        0.
        0.
        0.
        0.
        0.
        0.
        0.
        0.
        0.
        0.
        0.
        0.
        0.
        0.
        0.
        0.
        0.
        0.
        0.
        0.
        0.
        0.
        0.
        0.
        0.
        0.
        0.
        0.
        0.
        0.
        0.
        0.
        0.
        0.
        0.
        0.
        0.
        0.
        0.
        0.
        0.
        0.
        0.
        0.
        0.
        0.
        0.
        0.
        0.
        0.
        0.
        0.
        0.
        0.
        0.
        0.
        0.
        0.
        0.
        0.
        0.
        0.
        0.
        0.
        0.
        0.
        0.
        0.
        0.
        0.
        0.
        0.
        0.
        0.
        0.
        0.
        0.
        0.
        0.
        0.
        0.
        0.
        0.
        0.
        0.
        0.
        0.
        0.
        0.
        0.
        0.
        0.
        0.
        0.
        0.
        0.
        0.
        0.
        0.
        0.
        0.
        0.
        0.
        0.
        0.
        0.
        0.
        0.
        0.
        0.
        0.
        0.
        0.
        0.
        0.
        0.
        0.
        0.
        0.
        0.
        0.
        0.
        0.
        0.
        0.
        0.
        0.
        0.
        0.
        0.
        0.
        0.
        0.
        0.
        0.
        0.
        0.
        0.
        0.
        0.
        0.
        0.
        0.
        0.
        0.
        0.
        0.
        0.
        0.
        0.
        0.
        0.
        0.
        0.
        0.
        0.
        0.
        0.
        0.
        0.
        0.
        0.
        0.
        0.
        0.
        0.
        0.
        0.
        0.
        0.
        0.
        0.
        0.
        0.
        0.
        0.
        0.
        0.
        0.
        0.
        0.
        0.
        0.
        0.
        0.
        0.
        0.
        0.
        0.
        0.
        0.
        0.
        0.
        0.
        0.
        0.
        0.
        0.
        0.
        0.
        0.
        0.
        0.
        0.
        0.
        0.
        0.
        0.
        0.
        0.
        0.
        0.
        0.
        0.
        0.
        0.
        0.
        0.
        0.
        0.
        0.
        0.
        0.
        0.
        0.
        0.
        0.
        0.
        0.
        0.
        0.
        0.
        0.
        0.
        0.
        0.
        0.
        0.
        0.
        0.
        0.
        0.
        0.
        0.
        0.
        0.
        0.
        0.
        0.
        0.
        0.
        0.
        0.
        0.
        0.
        0.
        0.
        0.
        0.
        0.
        0.
        0.
        0.
        0.
        0.
        0.
        0.
        0.
        0.
        0.
        0.
        0.
        0.
        0.
        0.
        0.
        0.
        0.
        0.
        0.
        0.
        0.
        0.
        0.
        0.
        0.
        0.
        0.
        0.
        0.
        0.
        0.
        0.
        0.
        0.
        0.
        0.
        0.
        0.
        0.
        0.
        0.
        0.
        0.
        0.
        0.
        0.
        0.
        0.
        0.
        0.
        0.
        0.
        0.
        0.
        0.
        0.
        0.
        0.
        0.
        0.
        0.
        0.
        0.
        0.
        0.
        0.
        0.
        0.
        0.
        0.
        0.
        0.
        0.
        0.
        0.
        0.
        0.
        0.
        0.
        0.
        0.
        0.
        0.
        0.
        0.
        0.
        0.
        0.
        0.
        0.
        0.
        0.
        0.
        0.
        0.
        0.
        0.
        0.
        0.
        0.
        0.
        0.
        0.
        0.
        0.
        0.
        0.
        0.
        0.
        0.
        0.
        0.
        0.
        0.
        0.
        0.
        0.
        0.
        0.
        0.
        0.
        0.
        0.
        0.
        0.
        0.
        0.
        0.
        0.
        0.
        0.
        0.
        0.
        0.
        0.
        0.
        0.
        0.
        0.
        0.
        0.
        0.
        0.
        0.
        0.
        0.
        0.
        0.
        0.
        0.
        0.
        0.
        0.
        0.
        0.
        0.
        0.
        0.
        0.
        0.
        0.
        0.
        0.
        0.
        0.
        0.
        0.
        0.
        0.
        0.
        0.
        0.
        0.
        0.
        0.
        0.
        0.
        0.
        0.
        0.
        0.
        0.
        0.
        0.
        0.
        0.
        0.
        0.
        0.
        0.
        0.
        0.
        0.
        0.
        0.
        0.
        0.
        0.
        0.
        0.
        0.
        0.
        0.
        0.
        0.
        0.
        0.
        0.
        0.
        0.
        0.
        0.
        0.
        0.
        0.
        0.
        0.
        0.
        0.
        0.
        0.
        0.
        0.
        0.
        0.
        0.
        0.
        0.
        0.
        0.
        0.
        0.
        0.
        0.
        0.
        0.
        0.
        0.
        0.
        0.
        0.
        0.
        0.
        0.
        0.
        0.
        0.
        0.
        0.
        0.
        0.
        0.
        0.
        0.
        0.
        0.
        0.
        0.
        0.
        0.
        0.
        0.
        0.
        0.
        0.
        0.
        0.
        0.
        0.
        0.
        0.
        0.
        0.
        0.
        0.
        0.
        0.
        0.
        0.
        0.
        0.
        0.
        0.
        0.
        0.
        0.
        0.
        0.
        0.
        0.
        0.
        0.
        0.
        0.
        0.
        0.
        0.
        0.
        0.
        0.
        0.
        0.
        0.
        0.
        0.
        0.
        0.
        0.
        0.
        0.
        0.
        0.
        0.
        0.
        0.
        0.
        0.
        0.
        0.
        0.
        0.
        0.
        0.
        0.
        0.
        0.
        0.
        0.
        0.
        0.
        0.
        0.
        0.
        0.
        0.
        0.
        0.
        0.
        0.
        0.
        0.
        0.
        0.
        0.
        0.
        0.
        0.
        0.
        0.
        0.
        0.
        0.
        0.
        0.
        0.
        0.
        0.
        0.
        0.
        0.
        0.
        0.
        0.
        0.
        0.
        0.
        0.
        0.
        0.
        0.
        0.
        0.
        0.
        0.
        0.
        0.
        0.
        0.
        0.
        0.
        0.
        0.
        0.
        0.
        0.
        0.
        0.
        0.
        0.
        0.
        0.
        0.
        0.
        0.
        0.
        0.
        0.
        0.
        0.
        0.
        0.
        0.
        0.
        0.
        0.
        0.
        0.
        0.
        0.
        0.
        0.
        0.
        0.
        0.
        0.
        0.
        0.
        0.
        0.
        0.
        0.
        0.
        0.
        0.
        0.
        0.
        0.
        0.
        0.
        0.
        0.
        0.
        0.
        0.
        0.
        0.
        0.
        0.
        0.
        0.
        0.
        0.
        0.
        0.
        0.
        0.
        0.
        0.
        0.
        0.
        0.
        0.
        0.
        0.
        0.
        0.
        0.
        0.
        0.
        0.
        0.
        0.
        0.
        0.
        0.
        0.
        0.
        0.
        0.
        0.
        0.
        0.
        0.
        0.
        0.
        0.
        0.
        0.
        0.
        0.
        0.
        0.
        0.
        0.
        0.
        0.
        0.
        0.
        0.
        0.
        0.
        0.
        0.
        0.
        0.
        0.
        0.
        0.
        0.
        0.
        0.
        0.
        0.
        0.
        0.
        0.
        0.
        0.
        0.
        0.
        0.
        0.
        0.
        0.
        0.
        0.
        0.
        0.
        0.
        0.
        0.
        0.
        0.
        0.
        0.
        0.
        0.
        0.
        0.
        0.
        0.
        0.
        0.
        0.
        0.
        0.
        0.
        0.
        0.
        0.
        0.
        0.
        0.
        0.
        0.
        0.
        0.
        0.
        0.
        0.
        0.
        0.
        0.
        0.
        0.
        0.
        0.
        0.
        0.
        0.
        0.
        0.
        0.
        0.
        0.
        0.
        0.
        0.
        0.
        0.
        0.
        0.
        0.
        0.
        0.
        0.
        0.
        0.
        0.
        0.
        0.
        0.
        0.
        0.
        0.
        0.
        0.
        0.
        0.
        0.
        0.
        0.
        0.
        0.
        0.
        0.
        0.
        0.
        0.
        0.
        0.
        0.
        0.
        0.
        0.
        0.
        0.
        0.
        0.
        0.
        0.
        0.
        0.
        0.
        0.
        0.
        0.
        0.
        0.
        0.
        0.
        0.
        0.
        0.
        0.
        0.
        0.
        0.
        0.
        0.
        0.
        0.
        0.
        0.
        0.
        0.
        0.
        0.
        0.
        0.
        0.
        0.
        0.
        0.
        0.
        0.
        0.
        0.
        0.
        0.
        0.
        0.
        0.
        0.
        0.
        0.
        0.
        0.
        0.
        0.
        0.
        0.
        0.
        0.
        0.
        0.
        0.
        0.
        0.
        0.
        0.
        0.
        0.
        0.
        0.
        0.
        0.
        0.
        0.
        0.
        0.
        0.
        0.
        0.
        0.
        0.
        0.
        0.
        0.
        0.
        0.
        0.
        0.
        0.
        0.
        0.
        0.
        0.
        0.
        0.
        0.
        0.
        0.
        0.
        0.
        0.
        0.
        0.
        0.
        0.
        0.
        0.
        0.
        0.
        0.
        0.
        0.
        0.
        0.
        0.
        0.
        0.
        0.
        0.
        0.
        0.
        0.
        0.
        0.
        0.
        0.
        0.
        0.
        0.
        0.
        0.
        0.
        0.
        0.
        0.
        0.
        0.
        0.
        0.
        0.
        0.
        0.
        0.
        0.
        0.
        0.
        0.
        0.
        0.
        0.
        0.
        0.
        0.
        0.
        0.
        0.
        0.
        0.
        0.
        0.
        0.
        0.
        0.
        0.
        0.
        0.
        0.
        0.
        0.
        0.
        0.
        0.
        0.
        0.
        0.
        0.
        0.
        0.
        0.
        0.
        0.
        0.
        0.
        0.
        0.
        0.
        0.
        0.
        0.
        0.
        0.
        0.
        0.
        0.
        0.
        0.
        0.
        0.
        0.
        0.
        0.
        0.
        0.
        0.
        0.
        0.
        0.
        0.
        0.
        0.
        0.
        0.
        0.
        0.
        0.
        0.
        0.
        0.
        0.
        0.
        0.
        0.
        0.
        0.
        0.
        0.
        0.
        0.
        0.
        0.
        0.
        0.
        0.
        0.
        0.
        0.
        0.
        0.
