   47.4130
   42.1540
   37.3060
   33.0690
   29.2560
   26.3870
   23.3260
   20.8600
   18.4980
   16.5390
   14.7840
   13.0800
   11.8030
   10.3750
    9.4190
    8.2940
    7.5970
    6.7600
    6.0770
    5.5390
    4.9720
    4.5420
    4.1220
    3.6870
    3.4530
    3.2630
    2.9840
    2.8530
    2.6190
    2.4630
    2.2910
    2.2290
    2.0660
    2.0180
    1.9100
    1.8360
    1.6850
    1.6380
    1.5960
    1.4640
    1.4660
    1.4040
    1.2700
    1.3270
    1.2660
    1.1800
    1.1690
    1.1030
    1.0320
    0.9740
    1.0170
    0.9910
    0.9120
    0.9130
    0.8390
    0.8610
    0.8110
    0.8220
    0.7590
    0.7570
