   14.9330
   28.8850
   30.8780
   30.5510
   28.6450
   27.3490
   25.0330
   23.4550
   21.4690
   19.8240
   18.2350
   16.5070
   15.4390
   14.2170
   12.7870
   11.9370
   10.6430
    9.6080
    9.0270
    8.3900
    7.6400
    6.8520
    6.1860
    5.5270
    5.1560
    4.6830
    4.2880
    3.9660
    3.5590
    3.2160
    2.9830
    2.6800
    2.4720
    2.3550
    2.1840
    2.0390
    1.8750
    1.8420
    1.6370
    1.5520
    1.4580
    1.4540
    1.2580
    1.2580
    1.2260
    1.1610
    1.0360
    1.1040
    1.0250
    0.9980
    0.9380
    0.7970
    0.8600
    0.8220
    0.7550
    0.7520
    0.7280
    0.7150
    0.6880
    0.6590
    0.6140
    0.6530
    0.6150
    0.5560
    0.5890
    0.5080
    0.5670
    0.4810
    0.4970
    0.4770
    0.4970
    0.4720
    0.4540
    0.4110
    0.3940
    0.3740
    0.3790
    0.3520
    0.3950
    0.3790
    0.3410
    0.3620
    0.3210
    0.3260
    0.3030
    0.2960
    0.2860
    0.2980
    0.2940
    0.3100
    0.2820
    0.2540
    0.2690
    0.2430
    0.2210
    0.2170
    0.2330
    0.2430
    0.2150
    0.2180
    0.2000
    0.1970
    0.1850
    0.2110
    0.2040
    0.1860
    0.1880
    0.1820
    0.1880
    0.1700
    0.1630
    0.1850
    0.1890
    0.1600
    0.1430
    0.1460
    0.1450
    0.1330
    0.1440
    0.1490
    0.1620
    0.1470
    0.1480
    0.1470
    0.1390
    0.1370
    0.1240
    0.1300
    0.1300
    0.1090
    0.0760
    0.1220
    0.1110
    0.0950
    0.1100
    0.0980
    0.1100
    0.0860
    0.0940
    0.1140
    0.1070
    0.1050
    0.0750
    0.0900
    0.1000
    0.0760
    0.1020
    0.0900
    0.0730
    0.0790
    0.0900
    0.0860
    0.0770
    0.0790
    0.0880
    0.0740
    0.0770
    0.0840
    0.0840
    0.0670
    0.0750
    0.0710
    0.0910
    0.0820
    0.0720
    0.0700
    0.0660
    0.0690
    0.0580
    0.0810
    0.0560
    0.0580
    0.0650
    0.0530
    0.0610
    0.0620
    0.0680
    0.0560
    0.0470
    0.0520
    0.0460
    0.0520
    0.0620
    0.0610
    0.0490
    0.0680
    0.0530
    0.0480
    0.0490
    0.0520
    0.0420
    0.0560
    0.0500
    0.0400
    0.0610
    0.0580
    0.0400
    0.0500
    0.0450
    0.0410
    0.0640
    0.0410
    0.0280
    0.0490
    0.0460
    0.0330
    0.0470
    0.0360
    0.0340
    0.0340
    0.0420
    0.0330
    0.0340
    0.0300
    0.0370
    0.0290
    0.0360
    0.0430
    0.0360
    0.0310
    0.0400
    0.0420
    0.0340
    0.0490
    0.0290
    0.0380
    0.0380
    0.0380
    0.0320
    0.0280
    0.0280
    0.0380
    0.0250
    0.0290
    0.0300
    0.0300
    0.0310
    0.0310
    0.0270
    0.0370
    0.0250
    0.0240
    0.0190
    0.0320
    0.0310
    0.0320
    0.0280
    0.0260
    0.0240
    0.0200
    0.0320
    0.0190
    0.0320
    0.0350
    0.0250
    0.0210
    0.0270
    0.0210
    0.0170
    0.0150
    0.0220
    0.0270
    0.0280
    0.0210
    0.0300
    0.0170
    0.0210
    0.0280
    0.0280
    0.0170
    0.0180
    0.0230
    0.0160
    0.0100
    0.0180
    0.0230
    0.0200
    0.0140
    0.0220
    0.0250
    0.0230
    0.0120
    0.0210
    0.0120
    0.0170
    0.0180
    0.0190
    0.0240
    0.0220
    0.0220
    0.0200
    0.0140
    0.0160
    0.0170
    0.0190
    0.0130
    0.0150
    0.0120
    0.0160
    0.0120
    0.0180
    0.0140
    0.0200
    0.0100
    0.0160
    0.0180
    0.0120
    0.0210
    0.0220
    0.0120
    0.0120
    0.0090
    0.0140
    0.0150
    0.0150
    0.0140
    0.0040
    0.0150
    0.0120
    0.0180
    0.0150
    0.0110
    0.0150
    0.0200
    0.0100
    0.0110
    0.0140
    0.0110
    0.0110
    0.0090
    0.0130
    0.0110
    0.0110
    0.0130
    0.0120
    0.0160
    0.0100
    0.0090
    0.0090
    0.0110
    0.0130
    0.0160
    0.0150
    0.0110
    0.0130
    0.0050
    0.0150
    0.0060
    0.0140
    0.0100
    0.0140
    0.0110
    0.0130
    0.0070
    0.0060
    0.0080
    0.0130
    0.0100
    0.0100
    0.0070
    0.0120
    0.0050
    0.0140
    0.0110
    0.0150
    0.0080
    0.0040
    0.0080
    0.0070
    0.0130
    0.0070
    0.0050
    0.0060
    0.0090
    0.0120
    0.0050
    0.0130
    0.0040
    0.0070
    0.0070
    0.0090
    0.0100
    0.0090
    0.0030
    0.0040
    0.0020
    0.0100
    0.0080
    0.0070
    0.0080
    0.0120
    0.0110
    0.0070
    0.0030
    0.0080
    0.0090
    0.0040
    0.0090
    0.0040
    0.0040
    0.0120
    0.0090
    0.0080
    0.0050
    0.0050
    0.0050
    0.0050
    0.0070
    0.0060
    0.0060
    0.0070
    0.0100
    0.0040
    0.0050
    0.0090
    0.0090
    0.0080
    0.0070
    0.0100
    0.0080
    0.0060
    0.0040
    0.0070
    0.0030
    0.0080
    0.0080
    0.0040
    0.0040
    0.0060
    0.0080
    0.0070
    0.0080
    0.0070
    0.0070
    0.0020
    0.0020
    0.0080
    0.0040
    0.0060
    0.0050
    0.0030
    0.0080
    0.0020
    0.0070
    0.0050
    0.0040
    0.0050
    0.0050
    0.0050
    0.0020
    0.0080
    0.0040
    0.0040
    0.0040
    0.0010
    0.0050
    0.0040
    0.0060
    0.0050
    0.0030
    0.0030
    0.0020
    0.0040
    0.0070
    0.0070
    0.0040
    0.0030
    0.0030
    0.0070
    0.0060
    0.0070
    0.0060
    0.0020
    0.0050
    0.0020
    0.0060
    0.0060
    0.0040
    0.0050
    0.0080
    0.0070
    0.0030
    0.0050
    0.0030
    0.0050
    0.0040
    0.0020
    0.0010
    0.0040
    0.0020
    0.0040
    0.0020
    0.0030
    0.0040
    0.0040
    0.0020
    0.0070
    0.0040
    0.0030
    0.0020
    0.0060
    0.0010
    0.0020
    0.0030
    0.0030
    0.0010
    0.0080
    0.0020
    0.0030
    0.0020
    0.0040
    0.0070
    0.0060
    0.0030
        0.
    0.0030
    0.0020
    0.0050
    0.0030
    0.0040
    0.0010
    0.0020
    0.0060
    0.0010
    0.0030
    0.0050
    0.0040
    0.0030
    0.0040
    0.0010
    0.0040
    0.0010
    0.0020
    0.0030
    0.0050
    0.0020
    0.0030
    0.0030
    0.0040
    0.0010
        0.
    0.0010
    0.0020
    0.0020
    0.0020
    0.0010
    0.0020
    0.0020
        0.
    0.0020
        0.
        0.
    0.0010
    0.0020
    0.0020
    0.0020
        0.
    0.0040
    0.0030
    0.0020
    0.0040
    0.0010
    0.0040
    0.0010
    0.0030
        0.
    0.0010
    0.0020
    0.0030
        0.
        0.
        0.
    0.0020
    0.0020
    0.0010
    0.0020
    0.0030
    0.0030
        0.
    0.0010
    0.0010
    0.0020
        0.
    0.0020
    0.0020
    0.0030
    0.0020
    0.0030
    0.0030
    0.0020
    0.0010
        0.
    0.0040
    0.0020
        0.
    0.0010
        0.
    0.0010
    0.0010
    0.0020
    0.0040
    0.0010
        0.
    0.0040
    0.0010
    0.0020
    0.0010
        0.
    0.0030
    0.0020
    0.0010
    0.0020
    0.0020
    0.0020
    0.0010
    0.0010
        0.
    0.0020
    0.0010
        0.
    0.0020
    0.0010
    0.0010
    0.0030
        0.
    0.0010
    0.0010
        0.
    0.0010
    0.0030
        0.
    0.0010
    0.0010
    0.0010
    0.0030
    0.0010
    0.0010
    0.0010
    0.0030
        0.
    0.0010
    0.0010
        0.
    0.0020
        0.
    0.0010
        0.
    0.0030
        0.
    0.0010
    0.0010
    0.0020
        0.
    0.0010
    0.0020
    0.0020
    0.0010
        0.
    0.0020
        0.
        0.
    0.0010
    0.0010
    0.0010
    0.0010
        0.
    0.0010
    0.0020
    0.0010
    0.0020
    0.0030
    0.0010
    0.0010
    0.0040
        0.
    0.0010
    0.0010
        0.
        0.
    0.0010
    0.0010
        0.
        0.
        0.
        0.
    0.0010
    0.0010
    0.0030
    0.0020
        0.
        0.
    0.0020
    0.0010
    0.0020
    0.0020
    0.0020
    0.0020
        0.
    0.0020
    0.0010
        0.
    0.0020
    0.0010
    0.0010
    0.0010
    0.0010
        0.
        0.
        0.
        0.
        0.
        0.
    0.0010
        0.
        0.
        0.
        0.
        0.
    0.0010
        0.
    0.0010
    0.0010
        0.
        0.
        0.
    0.0010
        0.
    0.0010
    0.0020
        0.
    0.0010
    0.0020
    0.0010
        0.
        0.
        0.
        0.
    0.0020
        0.
        0.
        0.
        0.
    0.0030
        0.
    0.0020
        0.
    0.0010
        0.
    0.0010
    0.0010
        0.
    0.0010
    0.0010
        0.
    0.0010
        0.
        0.
        0.
        0.
    0.0020
    0.0010
    0.0030
        0.
        0.
        0.
        0.
        0.
        0.
        0.
    0.0010
        0.
    0.0020
        0.
        0.
    0.0010
        0.
        0.
    0.0010
        0.
        0.
        0.
        0.
        0.
    0.0010
        0.
        0.
        0.
        0.
        0.
        0.
    0.0020
        0.
    0.0010
        0.
        0.
        0.
        0.
        0.
        0.
        0.
        0.
        0.
    0.0010
        0.
        0.
        0.
    0.0010
    0.0010
        0.
    0.0010
        0.
        0.
        0.
        0.
        0.
    0.0010
        0.
        0.
        0.
        0.
        0.
        0.
        0.
        0.
        0.
    0.0020
        0.
        0.
    0.0010
        0.
        0.
        0.
        0.
        0.
    0.0010
    0.0010
    0.0010
        0.
        0.
        0.
        0.
        0.
        0.
        0.
        0.
        0.
        0.
        0.
        0.
    0.0020
        0.
        0.
        0.
        0.
    0.0010
        0.
        0.
        0.
        0.
    0.0010
        0.
        0.
        0.
        0.
        0.
        0.
        0.
        0.
        0.
        0.
        0.
        0.
        0.
        0.
        0.
        0.
        0.
        0.
        0.
        0.
        0.
        0.
        0.
        0.
        0.
        0.
        0.
        0.
    0.0010
        0.
        0.
        0.
        0.
        0.
        0.
        0.
        0.
        0.
        0.
    0.0010
        0.
    0.0010
        0.
        0.
        0.
        0.
    0.0010
        0.
        0.
        0.
        0.
        0.
        0.
        0.
        0.
        0.
    0.0010
        0.
        0.
        0.
        0.
        0.
        0.
        0.
        0.
        0.
    0.0010
        0.
        0.
        0.
        0.
        0.
        0.
        0.
        0.
        0.
        0.
        0.
        0.
        0.
        0.
        0.
        0.
        0.
        0.
        0.
    0.0010
    0.0010
        0.
        0.
    0.0010
        0.
        0.
        0.
        0.
    0.0010
        0.
        0.
        0.
        0.
        0.
        0.
        0.
        0.
        0.
        0.
        0.
        0.
        0.
        0.
        0.
        0.
        0.
        0.
    0.0010
        0.
        0.
        0.
        0.
        0.
        0.
        0.
        0.
        0.
        0.
        0.
        0.
        0.
        0.
        0.
    0.0010
        0.
        0.
        0.
        0.
        0.
        0.
        0.
        0.
        0.
        0.
        0.
        0.
        0.
        0.
        0.
        0.
        0.
        0.
        0.
        0.
        0.
        0.
        0.
        0.
        0.
        0.
        0.
    0.0010
        0.
        0.
        0.
        0.
        0.
        0.
        0.
        0.
        0.
        0.
        0.
        0.
        0.
        0.
        0.
        0.
        0.
        0.
        0.
        0.
        0.
        0.
    0.0010
        0.
        0.
        0.
        0.
        0.
        0.
        0.
        0.
        0.
        0.
        0.
        0.
        0.
        0.
        0.
        0.
        0.
        0.
        0.
        0.
        0.
        0.
        0.
        0.
        0.
        0.
        0.
        0.
        0.
        0.
        0.
        0.
        0.
        0.
        0.
        0.
        0.
        0.
        0.
        0.
        0.
        0.
        0.
    0.0010
        0.
        0.
        0.
        0.
        0.
        0.
        0.
        0.
        0.
        0.
        0.
        0.
        0.
        0.
        0.
        0.
        0.
        0.
        0.
        0.
        0.
        0.
        0.
        0.
        0.
        0.
        0.
        0.
        0.
        0.
    0.0010
        0.
        0.
        0.
        0.
        0.
        0.
        0.
        0.
        0.
        0.
        0.
    0.0010
        0.
        0.
        0.
        0.
        0.
        0.
        0.
        0.
        0.
        0.
        0.
        0.
        0.
        0.
        0.
        0.
        0.
        0.
        0.
        0.
        0.
        0.
        0.
        0.
        0.
        0.
        0.
        0.
        0.
        0.
        0.
        0.
        0.
        0.
        0.
        0.
        0.
        0.
        0.
        0.
        0.
        0.
        0.
        0.
        0.
        0.
        0.
        0.
        0.
        0.
        0.
        0.
        0.
        0.
        0.
        0.
        0.
        0.
        0.
        0.
        0.
        0.
        0.
        0.
        0.
        0.
        0.
        0.
        0.
        0.
        0.
        0.
        0.
        0.
        0.
        0.
        0.
        0.
        0.
        0.
        0.
        0.
        0.
        0.
        0.
        0.
        0.
        0.
        0.
        0.
        0.
        0.
        0.
        0.
        0.
        0.
        0.
        0.
        0.
        0.
        0.
        0.
        0.
        0.
        0.
        0.
        0.
        0.
        0.
        0.
        0.
        0.
        0.
        0.
        0.
        0.
        0.
        0.
        0.
        0.
        0.
        0.
        0.
        0.
        0.
        0.
        0.
        0.
        0.
        0.
        0.
        0.
        0.
        0.
        0.
        0.
        0.
        0.
        0.
        0.
        0.
        0.
        0.
        0.
        0.
        0.
        0.
        0.
        0.
        0.
        0.
        0.
        0.
        0.
        0.
        0.
        0.
        0.
        0.
        0.
        0.
        0.
        0.
        0.
        0.
        0.
        0.
        0.
        0.
        0.
        0.
        0.
        0.
        0.
        0.
        0.
        0.
        0.
        0.
        0.
        0.
        0.
        0.
        0.
        0.
        0.
        0.
        0.
        0.
        0.
        0.
        0.
        0.
        0.
        0.
        0.
        0.
        0.
        0.
        0.
        0.
        0.
        0.
        0.
        0.
        0.
        0.
        0.
        0.
        0.
        0.
        0.
        0.
        0.
        0.
        0.
        0.
        0.
        0.
        0.
        0.
        0.
        0.
        0.
        0.
        0.
        0.
        0.
        0.
        0.
        0.
        0.
        0.
        0.
        0.
        0.
        0.
        0.
        0.
        0.
        0.
        0.
        0.
        0.
        0.
        0.
        0.
        0.
        0.
        0.
        0.
        0.
        0.
        0.
        0.
        0.
        0.
        0.
        0.
        0.
        0.
        0.
        0.
        0.
        0.
        0.
        0.
        0.
        0.
        0.
        0.
        0.
        0.
        0.
        0.
        0.
        0.
        0.
        0.
        0.
        0.
        0.
        0.
        0.
        0.
        0.
        0.
        0.
        0.
        0.
        0.
        0.
        0.
        0.
        0.
        0.
        0.
        0.
        0.
        0.
        0.
        0.
        0.
        0.
        0.
        0.
        0.
        0.
        0.
        0.
        0.
        0.
        0.
        0.
        0.
        0.
        0.
        0.
        0.
        0.
        0.
        0.
        0.
        0.
        0.
        0.
        0.
        0.
        0.
        0.
        0.
        0.
        0.
        0.
        0.
        0.
        0.
        0.
        0.
        0.
        0.
        0.
        0.
        0.
        0.
        0.
        0.
        0.
        0.
        0.
        0.
        0.
        0.
        0.
        0.
        0.
        0.
        0.
        0.
        0.
        0.
        0.
        0.
        0.
        0.
        0.
        0.
        0.
        0.
        0.
        0.
        0.
        0.
        0.
        0.
        0.
        0.
        0.
        0.
        0.
        0.
        0.
        0.
        0.
        0.
        0.
        0.
        0.
        0.
        0.
        0.
        0.
        0.
        0.
        0.
        0.
        0.
        0.
        0.
        0.
        0.
        0.
        0.
        0.
        0.
        0.
        0.
        0.
        0.
        0.
        0.
        0.
        0.
        0.
        0.
        0.
        0.
        0.
        0.
        0.
        0.
        0.
        0.
        0.
        0.
        0.
        0.
        0.
        0.
        0.
        0.
        0.
        0.
        0.
        0.
        0.
        0.
        0.
        0.
        0.
        0.
        0.
        0.
        0.
        0.
        0.
        0.
        0.
        0.
        0.
        0.
        0.
        0.
        0.
        0.
        0.
        0.
        0.
        0.
        0.
        0.
        0.
        0.
        0.
        0.
        0.
        0.
        0.
        0.
        0.
        0.
        0.
        0.
        0.
        0.
        0.
        0.
        0.
        0.
        0.
        0.
        0.
        0.
        0.
        0.
        0.
        0.
        0.
        0.
        0.
        0.
        0.
        0.
        0.
        0.
        0.
        0.
        0.
        0.
        0.
        0.
        0.
        0.
        0.
        0.
        0.
        0.
        0.
        0.
        0.
        0.
        0.
        0.
        0.
        0.
        0.
        0.
        0.
        0.
        0.
        0.
        0.
        0.
        0.
        0.
        0.
        0.
        0.
        0.
        0.
        0.
        0.
        0.
        0.
        0.
        0.
        0.
        0.
        0.
        0.
        0.
        0.
        0.
        0.
        0.
        0.
        0.
        0.
        0.
        0.
        0.
        0.
        0.
        0.
        0.
        0.
        0.
        0.
        0.
        0.
        0.
        0.
        0.
        0.
        0.
        0.
        0.
        0.
        0.
        0.
        0.
        0.
        0.
        0.
        0.
        0.
        0.
        0.
        0.
        0.
        0.
        0.
        0.
        0.
        0.
        0.
        0.
        0.
        0.
        0.
        0.
        0.
        0.
        0.
        0.
        0.
        0.
        0.
        0.
        0.
        0.
        0.
        0.
        0.
        0.
        0.
        0.
        0.
        0.
        0.
        0.
        0.
        0.
        0.
        0.
        0.
        0.
        0.
        0.
        0.
        0.
        0.
        0.
        0.
        0.
        0.
        0.
        0.
        0.
        0.
        0.
        0.
        0.
        0.
        0.
        0.
        0.
        0.
        0.
        0.
        0.
        0.
        0.
        0.
        0.
        0.
        0.
        0.
        0.
        0.
        0.
        0.
        0.
        0.
        0.
        0.
        0.
        0.
        0.
        0.
        0.
        0.
        0.
        0.
        0.
        0.
        0.
        0.
        0.
        0.
        0.
        0.
        0.
        0.
        0.
        0.
        0.
        0.
        0.
        0.
        0.
        0.
        0.
        0.
        0.
        0.
        0.
        0.
        0.
        0.
        0.
        0.
        0.
        0.
        0.
        0.
        0.
        0.
        0.
        0.
        0.
        0.
        0.
        0.
        0.
        0.
        0.
        0.
        0.
        0.
        0.
        0.
        0.
        0.
        0.
        0.
        0.
        0.
        0.
        0.
        0.
        0.
        0.
        0.
        0.
        0.
        0.
        0.
        0.
        0.
        0.
        0.
        0.
        0.
        0.
        0.
        0.
        0.
        0.
        0.
        0.
        0.
        0.
        0.
        0.
        0.
        0.
        0.
        0.
        0.
        0.
        0.
        0.
        0.
        0.
        0.
        0.
        0.
        0.
        0.
        0.
        0.
        0.
        0.
        0.
        0.
        0.
        0.
        0.
        0.
        0.
        0.
        0.
        0.
        0.
        0.
        0.
        0.
        0.
        0.
        0.
        0.
        0.
        0.
        0.
        0.
        0.
        0.
        0.
        0.
        0.
        0.
        0.
        0.
        0.
        0.
        0.
        0.
        0.
        0.
        0.
        0.
        0.
        0.
        0.
        0.
        0.
        0.
        0.
        0.
        0.
        0.
        0.
        0.
        0.
        0.
        0.
        0.
        0.
        0.
        0.
        0.
        0.
        0.
        0.
        0.
        0.
        0.
        0.
        0.
        0.
        0.
        0.
        0.
        0.
        0.
        0.
        0.
        0.
        0.
        0.
        0.
        0.
        0.
        0.
        0.
        0.
        0.
        0.
        0.
        0.
        0.
        0.
        0.
        0.
        0.
        0.
        0.
        0.
        0.
        0.
        0.
        0.
        0.
        0.
        0.
        0.
        0.
        0.
        0.
        0.
