   27.6100
   36.3340
   34.7820
   32.3670
   29.5300
   27.3850
   24.6340
   22.8040
   20.7870
   19.0830
   17.4200
   15.6200
   14.2780
   12.8780
   11.6950
   10.4900
    9.6350
    8.7000
    8.0080
    7.1510
    6.6040
    6.0460
    5.2500
    4.9630
    4.2730
    4.0140
    3.6530
    3.3070
    2.9550
    2.7790
    2.4860
    2.2720
    2.1250
    1.9090
    1.8070
    1.7460
    1.5810
    1.5310
    1.4880
    1.3090
    1.2600
    1.2070
    1.1000
    1.1180
    1.0640
    1.0600
    0.9140
    0.9350
    0.8770
    0.8510
    0.7830
    0.8250
    0.7030
    0.7650
    0.6890
    0.6490
    0.6890
    0.5970
    0.6470
    0.6190
    0.5430
    0.5580
    0.5420
    0.4970
    0.5270
    0.4790
    0.4780
    0.4750
    0.4660
    0.4260
    0.4600
    0.4040
    0.3770
    0.3730
    0.3610
    0.3540
    0.3610
    0.3110
    0.3330
    0.3210
    0.2880
    0.3260
    0.2980
    0.2730
    0.2810
    0.2880
    0.2800
    0.2610
    0.2430
    0.2570
    0.2600
    0.2310
    0.2390
    0.2360
    0.2320
    0.2030
    0.2150
    0.2390
    0.2150
    0.2140
    0.2080
    0.2030
    0.1800
    0.1960
    0.1780
    0.1710
    0.1920
    0.1660
    0.1580
    0.1730
    0.1730
    0.1680
    0.1690
    0.1650
    0.1560
    0.1680
    0.1200
    0.1720
    0.1640
    0.1220
    0.1250
    0.1270
    0.1380
    0.1210
    0.1160
    0.1140
    0.1150
    0.1260
    0.1350
    0.1000
    0.0950
    0.1130
    0.1050
    0.1160
    0.1040
    0.0970
    0.1020
    0.1060
    0.0990
    0.1100
    0.1020
    0.1090
    0.0920
    0.0770
    0.0990
    0.0910
    0.0690
    0.0750
    0.0750
    0.1080
    0.0740
    0.0760
    0.0680
    0.0620
    0.0810
    0.0730
    0.0760
    0.0780
    0.0800
    0.0690
    0.0660
    0.0930
    0.0820
    0.0710
    0.0630
    0.0710
    0.0830
    0.0560
    0.0590
    0.0630
    0.0610
    0.0650
    0.0590
    0.0520
    0.0540
    0.0520
    0.0580
    0.0500
    0.0720
    0.0630
    0.0510
    0.0540
    0.0530
    0.0650
    0.0560
    0.0510
    0.0520
    0.0470
    0.0490
    0.0500
    0.0530
    0.0450
    0.0600
    0.0630
    0.0480
    0.0320
    0.0490
    0.0350
    0.0450
    0.0510
    0.0520
    0.0550
    0.0420
    0.0500
    0.0430
    0.0470
    0.0270
    0.0510
    0.0490
    0.0320
    0.0370
    0.0390
    0.0530
    0.0330
    0.0280
    0.0360
    0.0400
    0.0420
    0.0420
    0.0330
    0.0300
    0.0320
    0.0210
    0.0400
    0.0300
    0.0340
    0.0360
    0.0350
    0.0360
    0.0390
    0.0330
    0.0340
    0.0350
    0.0310
    0.0290
    0.0280
    0.0310
    0.0210
    0.0320
    0.0240
    0.0440
    0.0360
    0.0390
    0.0410
    0.0280
    0.0240
    0.0370
    0.0250
    0.0210
    0.0330
    0.0230
    0.0270
    0.0240
    0.0290
    0.0340
    0.0210
    0.0320
    0.0320
    0.0240
    0.0270
    0.0250
    0.0240
    0.0190
    0.0280
    0.0340
    0.0270
    0.0220
    0.0260
    0.0250
    0.0250
    0.0180
    0.0240
    0.0160
    0.0200
    0.0260
    0.0280
    0.0250
    0.0180
    0.0200
    0.0190
    0.0220
    0.0200
    0.0170
    0.0180
    0.0180
    0.0250
    0.0210
    0.0320
    0.0190
    0.0160
    0.0160
    0.0190
    0.0140
    0.0210
    0.0210
    0.0240
    0.0190
    0.0170
    0.0130
    0.0240
    0.0220
    0.0180
    0.0200
    0.0190
    0.0170
    0.0170
    0.0200
    0.0190
    0.0270
    0.0210
    0.0170
    0.0090
    0.0140
    0.0240
    0.0140
    0.0210
    0.0230
    0.0230
    0.0120
    0.0100
    0.0120
    0.0220
    0.0130
    0.0140
    0.0140
    0.0110
    0.0180
    0.0130
    0.0170
    0.0200
    0.0240
    0.0170
    0.0150
    0.0120
    0.0090
    0.0100
    0.0160
    0.0100
    0.0160
    0.0080
    0.0120
    0.0110
    0.0170
    0.0090
    0.0100
    0.0140
    0.0150
    0.0090
    0.0100
    0.0140
    0.0140
    0.0130
    0.0150
    0.0180
    0.0160
    0.0190
    0.0130
    0.0180
    0.0090
    0.0080
    0.0110
    0.0160
    0.0080
    0.0150
    0.0150
    0.0160
    0.0060
    0.0080
    0.0080
    0.0100
    0.0120
    0.0120
    0.0090
    0.0120
    0.0040
    0.0130
    0.0060
    0.0040
    0.0180
    0.0150
    0.0090
    0.0080
    0.0110
    0.0120
    0.0130
    0.0120
    0.0090
    0.0130
    0.0120
    0.0090
    0.0070
    0.0060
    0.0060
    0.0090
    0.0100
    0.0060
    0.0090
    0.0100
    0.0050
    0.0110
    0.0120
    0.0070
    0.0110
    0.0090
    0.0090
    0.0110
    0.0100
    0.0130
    0.0070
    0.0090
    0.0140
    0.0070
    0.0080
    0.0110
    0.0140
    0.0030
    0.0090
    0.0050
    0.0030
    0.0080
    0.0080
    0.0050
    0.0080
    0.0070
    0.0050
    0.0150
    0.0130
    0.0040
    0.0030
    0.0080
    0.0090
    0.0090
    0.0050
    0.0020
    0.0070
    0.0070
    0.0080
    0.0060
    0.0090
    0.0060
    0.0050
    0.0080
    0.0080
    0.0060
    0.0120
    0.0060
    0.0130
    0.0070
    0.0110
    0.0030
    0.0070
    0.0120
    0.0090
    0.0070
    0.0120
    0.0080
    0.0090
    0.0110
    0.0040
    0.0040
    0.0040
    0.0110
    0.0040
    0.0100
    0.0070
    0.0070
    0.0090
    0.0060
    0.0020
    0.0040
    0.0100
    0.0050
    0.0060
    0.0090
    0.0070
    0.0030
        0.
    0.0080
    0.0030
    0.0100
    0.0070
    0.0020
    0.0070
    0.0070
    0.0060
    0.0070
    0.0070
    0.0070
    0.0020
    0.0060
    0.0040
    0.0050
    0.0090
    0.0080
    0.0050
    0.0050
    0.0060
    0.0070
    0.0060
    0.0030
    0.0060
    0.0090
    0.0050
    0.0080
    0.0080
    0.0050
    0.0070
    0.0020
    0.0010
    0.0050
    0.0040
    0.0050
    0.0050
    0.0060
    0.0050
    0.0070
    0.0050
    0.0040
    0.0060
    0.0030
    0.0070
    0.0050
    0.0020
    0.0050
    0.0070
    0.0050
    0.0040
    0.0040
    0.0060
    0.0070
    0.0040
    0.0060
    0.0050
    0.0020
    0.0050
        0.
        0.
    0.0030
    0.0050
    0.0050
    0.0040
    0.0060
    0.0020
    0.0010
    0.0080
    0.0080
    0.0030
    0.0030
    0.0070
    0.0060
    0.0020
    0.0040
    0.0070
    0.0030
    0.0060
    0.0010
    0.0040
    0.0040
    0.0050
    0.0020
    0.0080
    0.0030
    0.0030
    0.0050
    0.0010
    0.0030
    0.0010
    0.0070
    0.0040
    0.0020
    0.0040
    0.0030
    0.0040
    0.0030
    0.0070
    0.0030
    0.0030
    0.0060
    0.0040
    0.0010
    0.0020
    0.0030
    0.0030
    0.0060
    0.0050
    0.0040
    0.0080
    0.0020
    0.0050
    0.0040
    0.0030
    0.0060
    0.0040
    0.0050
    0.0010
    0.0060
    0.0040
    0.0050
    0.0050
    0.0040
    0.0010
    0.0010
    0.0010
    0.0030
    0.0010
    0.0030
    0.0040
    0.0050
    0.0040
    0.0050
    0.0020
    0.0050
    0.0010
    0.0060
    0.0020
    0.0040
    0.0020
    0.0020
    0.0020
    0.0040
        0.
    0.0020
    0.0040
    0.0030
    0.0040
    0.0020
    0.0020
    0.0050
    0.0040
    0.0050
    0.0040
    0.0020
    0.0010
    0.0020
    0.0020
    0.0040
    0.0040
    0.0050
        0.
        0.
        0.
    0.0030
    0.0030
    0.0040
    0.0010
    0.0040
    0.0030
    0.0010
        0.
    0.0020
    0.0010
    0.0020
    0.0020
    0.0080
    0.0020
    0.0020
    0.0010
    0.0060
    0.0050
    0.0020
    0.0010
    0.0030
    0.0010
    0.0010
    0.0070
    0.0040
    0.0050
    0.0040
    0.0040
    0.0020
    0.0010
    0.0010
    0.0010
    0.0030
    0.0020
    0.0020
        0.
        0.
    0.0010
    0.0020
        0.
    0.0020
    0.0010
    0.0040
    0.0040
    0.0010
    0.0030
    0.0020
    0.0020
        0.
    0.0010
    0.0020
    0.0010
    0.0020
    0.0010
    0.0020
    0.0030
    0.0010
    0.0020
    0.0010
    0.0010
    0.0020
    0.0040
    0.0010
    0.0030
        0.
    0.0030
    0.0020
    0.0020
    0.0010
    0.0030
    0.0030
    0.0010
    0.0020
        0.
    0.0040
    0.0030
    0.0030
    0.0010
        0.
    0.0010
    0.0050
    0.0010
    0.0030
    0.0030
    0.0010
        0.
        0.
    0.0030
        0.
        0.
        0.
    0.0020
    0.0030
    0.0020
    0.0020
    0.0040
        0.
    0.0010
    0.0030
    0.0010
    0.0020
    0.0010
    0.0010
    0.0010
    0.0030
    0.0020
    0.0030
    0.0050
    0.0030
        0.
    0.0020
    0.0020
    0.0030
        0.
    0.0020
    0.0030
        0.
    0.0020
    0.0040
    0.0050
    0.0010
        0.
    0.0020
    0.0040
        0.
        0.
        0.
    0.0010
    0.0010
        0.
    0.0010
    0.0020
    0.0010
    0.0010
        0.
    0.0010
    0.0030
    0.0010
    0.0010
        0.
    0.0010
    0.0010
    0.0020
    0.0040
    0.0020
    0.0020
    0.0020
    0.0010
        0.
        0.
        0.
    0.0010
    0.0020
        0.
    0.0010
        0.
    0.0010
    0.0020
    0.0010
    0.0020
    0.0010
    0.0020
        0.
        0.
    0.0010
    0.0030
        0.
    0.0010
        0.
    0.0010
    0.0010
    0.0010
        0.
    0.0030
        0.
        0.
    0.0010
    0.0010
        0.
        0.
        0.
    0.0020
        0.
        0.
        0.
    0.0020
    0.0010
        0.
        0.
        0.
    0.0010
    0.0020
    0.0010
        0.
    0.0020
    0.0010
    0.0060
    0.0020
        0.
    0.0010
        0.
    0.0020
        0.
    0.0010
    0.0010
        0.
    0.0030
    0.0010
    0.0010
    0.0010
    0.0020
    0.0020
    0.0020
        0.
    0.0020
    0.0010
    0.0020
        0.
    0.0010
    0.0020
        0.
        0.
        0.
        0.
        0.
    0.0030
    0.0020
        0.
    0.0020
        0.
    0.0010
    0.0020
        0.
    0.0020
    0.0020
        0.
        0.
    0.0010
        0.
        0.
        0.
        0.
    0.0010
        0.
        0.
        0.
    0.0010
    0.0010
        0.
        0.
    0.0010
    0.0010
    0.0020
        0.
    0.0010
        0.
    0.0010
    0.0010
    0.0010
        0.
        0.
    0.0010
    0.0010
    0.0010
        0.
        0.
        0.
        0.
        0.
        0.
    0.0010
    0.0010
        0.
    0.0010
        0.
    0.0010
        0.
    0.0020
        0.
        0.
        0.
        0.
        0.
    0.0010
        0.
    0.0020
        0.
        0.
        0.
    0.0020
        0.
        0.
    0.0010
    0.0020
        0.
    0.0010
    0.0020
    0.0010
    0.0030
        0.
    0.0010
        0.
    0.0010
        0.
    0.0010
    0.0010
    0.0010
        0.
        0.
        0.
        0.
        0.
        0.
    0.0010
        0.
        0.
        0.
        0.
    0.0010
    0.0010
        0.
    0.0010
    0.0010
        0.
        0.
    0.0010
    0.0020
        0.
        0.
    0.0020
        0.
        0.
    0.0010
        0.
    0.0010
    0.0010
        0.
        0.
        0.
        0.
        0.
        0.
        0.
    0.0010
        0.
        0.
        0.
    0.0010
        0.
        0.
        0.
    0.0010
        0.
        0.
        0.
        0.
    0.0010
        0.
    0.0010
        0.
        0.
        0.
        0.
        0.
        0.
        0.
        0.
        0.
        0.
    0.0010
        0.
    0.0010
    0.0010
    0.0010
    0.0020
        0.
        0.
        0.
        0.
    0.0010
    0.0010
    0.0010
        0.
        0.
        0.
        0.
        0.
        0.
        0.
        0.
    0.0010
    0.0010
        0.
        0.
        0.
        0.
        0.
        0.
        0.
        0.
    0.0010
        0.
    0.0010
    0.0010
        0.
    0.0010
    0.0010
        0.
        0.
    0.0010
        0.
    0.0010
    0.0030
        0.
        0.
    0.0010
        0.
        0.
        0.
        0.
        0.
        0.
        0.
        0.
    0.0010
    0.0010
        0.
        0.
    0.0010
        0.
        0.
    0.0010
        0.
        0.
        0.
        0.
    0.0010
        0.
        0.
        0.
    0.0010
        0.
    0.0010
    0.0010
        0.
        0.
        0.
        0.
        0.
        0.
        0.
        0.
        0.
        0.
        0.
        0.
        0.
        0.
        0.
    0.0010
        0.
    0.0010
        0.
        0.
        0.
        0.
        0.
        0.
    0.0010
        0.
        0.
        0.
    0.0010
        0.
        0.
        0.
        0.
        0.
        0.
        0.
        0.
        0.
    0.0010
        0.
        0.
        0.
    0.0020
    0.0010
        0.
        0.
        0.
        0.
        0.
        0.
        0.
        0.
        0.
    0.0010
        0.
        0.
        0.
        0.
    0.0010
        0.
        0.
        0.
        0.
    0.0010
    0.0010
        0.
        0.
        0.
        0.
        0.
        0.
        0.
        0.
        0.
        0.
        0.
        0.
        0.
    0.0010
        0.
        0.
        0.
        0.
        0.
        0.
        0.
        0.
        0.
        0.
        0.
        0.
        0.
        0.
        0.
        0.
        0.
        0.
        0.
    0.0010
        0.
        0.
        0.
        0.
    0.0010
        0.
        0.
        0.
        0.
        0.
        0.
        0.
    0.0010
        0.
        0.
        0.
        0.
        0.
        0.
        0.
        0.
        0.
        0.
    0.0010
        0.
        0.
        0.
        0.
        0.
    0.0010
        0.
        0.
        0.
        0.
        0.
        0.
        0.
        0.
        0.
        0.
        0.
        0.
        0.
        0.
        0.
        0.
        0.
        0.
        0.
        0.
        0.
        0.
    0.0010
        0.
        0.
        0.
        0.
    0.0020
        0.
        0.
    0.0010
        0.
    0.0010
        0.
        0.
    0.0010
        0.
        0.
        0.
        0.
        0.
        0.
        0.
        0.
        0.
        0.
    0.0010
        0.
        0.
        0.
        0.
    0.0010
        0.
        0.
        0.
        0.
        0.
        0.
        0.
        0.
        0.
        0.
        0.
        0.
        0.
        0.
        0.
        0.
        0.
        0.
        0.
        0.
        0.
        0.
        0.
        0.
        0.
        0.
        0.
        0.
        0.
        0.
        0.
    0.0010
        0.
        0.
        0.
        0.
        0.
    0.0010
        0.
        0.
        0.
        0.
        0.
        0.
        0.
        0.
        0.
        0.
        0.
        0.
        0.
        0.
        0.
    0.0010
        0.
        0.
        0.
    0.0010
        0.
        0.
        0.
        0.
        0.
        0.
        0.
        0.
        0.
        0.
        0.
        0.
        0.
        0.
        0.
        0.
        0.
        0.
        0.
        0.
        0.
        0.
        0.
        0.
        0.
        0.
        0.
        0.
        0.
        0.
        0.
        0.
        0.
        0.
        0.
        0.
        0.
        0.
        0.
        0.
        0.
        0.
        0.
        0.
        0.
        0.
        0.
        0.
        0.
        0.
        0.
        0.
        0.
    0.0010
        0.
        0.
        0.
    0.0010
        0.
        0.
        0.
        0.
        0.
        0.
        0.
    0.0010
        0.
        0.
        0.
        0.
        0.
        0.
        0.
        0.
        0.
        0.
        0.
        0.
        0.
        0.
        0.
        0.
        0.
        0.
        0.
        0.
        0.
        0.
        0.
        0.
        0.
        0.
        0.
        0.
        0.
        0.
        0.
        0.
        0.
        0.
        0.
        0.
        0.
        0.
        0.
        0.
        0.
        0.
        0.
        0.
        0.
        0.
        0.
        0.
        0.
        0.
        0.
        0.
        0.
        0.
        0.
        0.
        0.
        0.
        0.
        0.
        0.
        0.
        0.
        0.
        0.
        0.
        0.
        0.
        0.
        0.
        0.
        0.
        0.
        0.
        0.
    0.0010
        0.
        0.
        0.
        0.
        0.
        0.
        0.
        0.
        0.
        0.
        0.
        0.
        0.
        0.
        0.
        0.
        0.
        0.
        0.
        0.
        0.
        0.
        0.
        0.
        0.
        0.
        0.
        0.
        0.
        0.
        0.
        0.
        0.
        0.
        0.
    0.0020
        0.
        0.
        0.
        0.
        0.
        0.
        0.
        0.
        0.
        0.
        0.
        0.
        0.
        0.
        0.
        0.
        0.
        0.
        0.
        0.
        0.
        0.
        0.
        0.
        0.
        0.
        0.
        0.
        0.
        0.
        0.
        0.
        0.
        0.
        0.
        0.
        0.
        0.
        0.
        0.
        0.
        0.
        0.
        0.
        0.
        0.
        0.
        0.
        0.
        0.
        0.
        0.
        0.
        0.
        0.
        0.
        0.
        0.
        0.
        0.
        0.
        0.
        0.
        0.
        0.
        0.
        0.
        0.
        0.
        0.
        0.
        0.
        0.
        0.
        0.
        0.
        0.
        0.
        0.
        0.
        0.
        0.
        0.
        0.
        0.
        0.
        0.
        0.
        0.
        0.
        0.
        0.
        0.
        0.
        0.
        0.
        0.
        0.
        0.
        0.
        0.
    0.0010
        0.
        0.
        0.
        0.
        0.
        0.
        0.
        0.
        0.
        0.
        0.
        0.
        0.
        0.
        0.
        0.
        0.
        0.
        0.
        0.
        0.
        0.
        0.
        0.
        0.
        0.
        0.
        0.
        0.
        0.
        0.
        0.
        0.
        0.
        0.
        0.
        0.
        0.
        0.
        0.
    0.0010
        0.
        0.
        0.
        0.
        0.
        0.
        0.
        0.
        0.
        0.
        0.
        0.
        0.
        0.
        0.
        0.
        0.
        0.
        0.
        0.
        0.
        0.
        0.
        0.
        0.
        0.
        0.
        0.
        0.
        0.
        0.
        0.
        0.
        0.
        0.
        0.
        0.
        0.
        0.
        0.
        0.
        0.
        0.
        0.
        0.
        0.
        0.
        0.
        0.
        0.
        0.
        0.
        0.
        0.
        0.
        0.
        0.
        0.
        0.
        0.
        0.
        0.
        0.
        0.
        0.
        0.
        0.
        0.
        0.
        0.
        0.
        0.
        0.
        0.
        0.
        0.
        0.
        0.
        0.
        0.
        0.
        0.
        0.
        0.
        0.
        0.
        0.
        0.
        0.
        0.
        0.
        0.
        0.
        0.
        0.
        0.
        0.
        0.
        0.
        0.
        0.
        0.
        0.
        0.
        0.
        0.
        0.
        0.
        0.
        0.
        0.
        0.
        0.
        0.
        0.
        0.
        0.
        0.
        0.
        0.
        0.
        0.
        0.
        0.
        0.
        0.
        0.
        0.
        0.
        0.
        0.
        0.
        0.
        0.
        0.
        0.
        0.
        0.
        0.
        0.
        0.
        0.
        0.
        0.
        0.
        0.
        0.
        0.
        0.
        0.
        0.
        0.
        0.
        0.
        0.
        0.
        0.
        0.
        0.
        0.
        0.
        0.
        0.
        0.
        0.
        0.
        0.
        0.
        0.
        0.
        0.
        0.
        0.
        0.
        0.
        0.
        0.
        0.
        0.
        0.
        0.
        0.
        0.
        0.
        0.
        0.
        0.
        0.
        0.
        0.
        0.
        0.
        0.
        0.
        0.
        0.
        0.
        0.
        0.
        0.
        0.
        0.
        0.
        0.
        0.
        0.
        0.
        0.
        0.
        0.
        0.
        0.
        0.
        0.
        0.
        0.
        0.
        0.
        0.
        0.
        0.
        0.
        0.
        0.
        0.
        0.
        0.
        0.
        0.
        0.
        0.
        0.
        0.
        0.
        0.
        0.
        0.
        0.
        0.
        0.
        0.
        0.
        0.
        0.
        0.
    0.0010
        0.
        0.
        0.
        0.
        0.
        0.
        0.
        0.
        0.
        0.
        0.
        0.
        0.
        0.
        0.
        0.
        0.
        0.
        0.
        0.
        0.
        0.
        0.
        0.
        0.
        0.
        0.
        0.
        0.
        0.
        0.
        0.
        0.
        0.
        0.
        0.
        0.
        0.
        0.
        0.
        0.
        0.
        0.
        0.
        0.
        0.
        0.
        0.
        0.
        0.
        0.
        0.
        0.
        0.
        0.
        0.
        0.
        0.
        0.
        0.
        0.
        0.
        0.
        0.
        0.
        0.
        0.
        0.
        0.
        0.
        0.
        0.
        0.
        0.
        0.
        0.
        0.
        0.
        0.
        0.
        0.
        0.
        0.
        0.
        0.
        0.
        0.
        0.
        0.
        0.
        0.
        0.
        0.
        0.
        0.
        0.
        0.
        0.
        0.
        0.
        0.
        0.
        0.
        0.
        0.
        0.
        0.
        0.
        0.
